Estimated regression coefficients: [[-2.19477333  1.66571818 -0.72350724 -0.38448365  0.21653886  2.75374717
  -1.41130894 -0.71917023 -1.06445384 -0.02657403  0.28240842  1.5025948
   1.23808335  1.17705696 -1.24266659]]
No. of iterations: 2000
No. of test data: 18089
[77.0]
[9.812495946884155]
Estimated regression coefficients: [[-2.32242313  1.72523062 -0.95515731 -0.36759368 -0.41020781  3.5021141
  -1.68915287  0.10130788 -1.110164   -0.60777521  0.3239109   1.78185632
   1.44421475  0.85825316 -1.08478984]]
No. of iterations: 2000
No. of test data: 18089
[77.0, 76.8]
[9.812495946884155, 9.907278299331665]
Estimated regression coefficients: [[-1.85492073  1.85308798 -0.49091721 -0.20025835  0.5847525   3.57333466
  -1.26267126 -0.90050849 -1.61458894 -0.3324695   0.9566253   1.79613828
   1.04170704  1.26637388 -1.08382611]]
No. of iterations: 2000
No. of test data: 18089
[77.0, 76.8, 71.58]
[9.812495946884155, 9.907278299331665, 10.05678915977478]
Estimated regression coefficients: [[-2.31730684  1.68925715 -0.56958214 -0.22090569  0.27550827  3.45308429
  -2.31495431 -0.21995035 -1.07667613  0.06509991  0.26157378  1.6363011
   1.45153267  1.01028708 -0.62116952]]
No. of iterations: 2000
No. of test data: 18089
[77.0, 76.8, 71.58, 78.2]
[9.812495946884155, 9.907278299331665, 10.05678915977478, 10.122843503952026]
Estimated regression coefficients: [[-2.64199544  1.68644033 -0.908605   -0.08710775 -0.21795955  3.78798345
  -1.61679955 -0.38914548 -1.12712908 -0.68161379 -0.12546376  2.28372512
   1.47139412  1.39591841 -1.41053875]]
No. of iterations: 2000
No. of test data: 18089
[77.0, 76.8, 71.58, 78.2, 76.2]
[9.812495946884155, 9.907278299331665, 10.05678915977478, 10.122843503952026, 10.364899635314941]
Estimated regression coefficients: [[-2.32164926  1.79799662 -1.13482729 -0.26258064  0.12928449  3.64301074
  -1.63396191  0.10234619 -2.08402069 -0.14515415  1.05006013  1.63128632
   1.54802028  0.9972207  -1.05474015]]
No. of iterations: 2000
No. of test data: 18089
[77.0, 76.8, 71.58, 78.2, 76.2, 79.08]
[9.812495946884155, 9.907278299331665, 10.05678915977478, 10.122843503952026, 10.364899635314941, 10.305316686630249]
Estimated regression coefficients: [[-2.16005376  1.8228688  -0.41774986 -0.53736071  0.01511165  2.74580732
  -1.69683901 -0.34831948 -1.28373107 -0.32072017  0.76307755  1.43691641
   1.23223036  1.07717202 -0.81150833]]
No. of iterations: 2000
No. of test data: 18089
[77.0, 76.8, 71.58, 78.2, 76.2, 79.08, 79.57]
[9.812495946884155, 9.907278299331665, 10.05678915977478, 10.122843503952026, 10.364899635314941, 10.305316686630249, 9.875550985336304]
Estimated regression coefficients: [[-2.33022767  1.31610622 -0.31629628 -0.28996217 -0.10920961  3.54530825
  -1.98140434 -0.23769308 -1.7733661  -0.38009275  0.47683163  1.44201388
   1.17136603  1.2853437  -0.70114136]]
No. of iterations: 2000
No. of test data: 18089
[77.0, 76.8, 71.58, 78.2, 76.2, 79.08, 79.57, 80.15]
[9.812495946884155, 9.907278299331665, 10.05678915977478, 10.122843503952026, 10.364899635314941, 10.305316686630249, 9.875550985336304, 9.911128282546997]
Estimated regression coefficients: [[-2.36447218  1.91428462 -1.12735012 -0.49571828  0.18993661  3.23287753
  -1.95637636  0.48180733 -1.35631206 -0.01572432  0.02952143  1.7525267
   1.67361789  1.33441958 -0.61677945]]
No. of iterations: 2000
No. of test data: 18089
[77.0, 76.8, 71.58, 78.2, 76.2, 79.08, 79.57, 80.15, 78.88]
[9.812495946884155, 9.907278299331665, 10.05678915977478, 10.122843503952026, 10.364899635314941, 10.305316686630249, 9.875550985336304, 9.911128282546997, 10.38648009300232]
Estimated regression coefficients: [[-2.11573003  1.99276488 -0.72229209 -0.11895074 -0.28544721  3.52477566
  -1.50795083  0.03540102 -0.99827107 -0.54670702  0.79938918  1.99453983
   1.02684319  0.68658684 -0.40192755]]
No. of iterations: 2000
No. of test data: 18089
[77.0, 76.8, 71.58, 78.2, 76.2, 79.08, 79.57, 80.15, 78.88, 78.26]
[9.812495946884155, 9.907278299331665, 10.05678915977478, 10.122843503952026, 10.364899635314941, 10.305316686630249, 9.875550985336304, 9.911128282546997, 10.38648009300232, 10.203869819641113]
Estimated regression coefficients: [[-2.17787301  1.39378624 -0.26775242 -0.32727061  0.25964516  3.78493283
  -1.82660096 -0.21629573 -1.1931273   0.14855304  0.6773341   1.81132336
   0.83420824  1.0660979  -0.59670194]]
No. of iterations: 2000
No. of test data: 18089
[77.0, 76.8, 71.58, 78.2, 76.2, 79.08, 79.57, 80.15, 78.88, 78.26, 66.58]
[9.812495946884155, 9.907278299331665, 10.05678915977478, 10.122843503952026, 10.364899635314941, 10.305316686630249, 9.875550985336304, 9.911128282546997, 10.38648009300232, 10.203869819641113, 10.305916786193848]
Estimated regression coefficients: [[-2.09899675  1.84062631 -0.945962   -0.2485399  -0.28124812  3.41309587
  -2.2716927  -0.05034198 -1.6371144  -0.48978247  0.59344784  1.29953773
   1.02526629  0.86871248 -1.21751821]]
No. of iterations: 2000
No. of test data: 18089
[77.0, 76.8, 71.58, 78.2, 76.2, 79.08, 79.57, 80.15, 78.88, 78.26, 66.58, 77.14]
[9.812495946884155, 9.907278299331665, 10.05678915977478, 10.122843503952026, 10.364899635314941, 10.305316686630249, 9.875550985336304, 9.911128282546997, 10.38648009300232, 10.203869819641113, 10.305916786193848, 10.208025455474854]
Estimated regression coefficients: [[-1.93742052  1.44693472 -0.80199265 -0.1176098   0.54905259  3.46943966
  -1.67188167  0.2287928  -1.53313931 -0.49277643  0.44804636  1.43277238
   0.49083833  1.1451796  -0.66036721]]
No. of iterations: 2000
No. of test data: 18089
[77.0, 76.8, 71.58, 78.2, 76.2, 79.08, 79.57, 80.15, 78.88, 78.26, 66.58, 77.14, 75.7]
[9.812495946884155, 9.907278299331665, 10.05678915977478, 10.122843503952026, 10.364899635314941, 10.305316686630249, 9.875550985336304, 9.911128282546997, 10.38648009300232, 10.203869819641113, 10.305916786193848, 10.208025455474854, 10.066614866256714]
Estimated regression coefficients: [[-1.95469167  1.75613317 -0.80809877  0.00361243  0.15882244  3.02462765
  -1.46116675  0.19010688 -1.76260377 -0.09403971  0.42163203  1.94321967
   1.27231165  1.12091382 -1.43142992]]
No. of iterations: 2000
No. of test data: 18089
[77.0, 76.8, 71.58, 78.2, 76.2, 79.08, 79.57, 80.15, 78.88, 78.26, 66.58, 77.14, 75.7, 80.01]
[9.812495946884155, 9.907278299331665, 10.05678915977478, 10.122843503952026, 10.364899635314941, 10.305316686630249, 9.875550985336304, 9.911128282546997, 10.38648009300232, 10.203869819641113, 10.305916786193848, 10.208025455474854, 10.066614866256714, 10.050359725952148]
Estimated regression coefficients: [[-2.64905001  1.42560514 -0.66347564 -0.14367287  0.12482144  3.13690114
  -1.56823742 -0.18827484 -1.35056768  0.31999975  0.58848822  1.96953836
   0.75834381  1.08060806 -1.21722995]]
No. of iterations: 2000
No. of test data: 18089
[77.0, 76.8, 71.58, 78.2, 76.2, 79.08, 79.57, 80.15, 78.88, 78.26, 66.58, 77.14, 75.7, 80.01, 79.51]
[9.812495946884155, 9.907278299331665, 10.05678915977478, 10.122843503952026, 10.364899635314941, 10.305316686630249, 9.875550985336304, 9.911128282546997, 10.38648009300232, 10.203869819641113, 10.305916786193848, 10.208025455474854, 10.066614866256714, 10.050359725952148, 10.305715322494507]
Estimated regression coefficients: [[-2.08632348  1.72273581 -0.58039359 -0.48561657 -0.0333465   3.37006579
  -1.56139317  0.02015379 -1.59041869 -0.82770538  0.74521     1.49258446
   0.84782958  0.88270645 -0.42235007]]
No. of iterations: 2000
No. of test data: 18089
[77.0, 76.8, 71.58, 78.2, 76.2, 79.08, 79.57, 80.15, 78.88, 78.26, 66.58, 77.14, 75.7, 80.01, 79.51, 80.06]
[9.812495946884155, 9.907278299331665, 10.05678915977478, 10.122843503952026, 10.364899635314941, 10.305316686630249, 9.875550985336304, 9.911128282546997, 10.38648009300232, 10.203869819641113, 10.305916786193848, 10.208025455474854, 10.066614866256714, 10.050359725952148, 10.305715322494507, 10.083295345306396]
Estimated regression coefficients: [[-2.05666749  0.80796694 -1.17908657 -0.51859439 -0.13146642  3.01291246
  -2.44151645  0.88734311 -1.36619062 -0.06764989  0.50849424  1.53169116
   1.26212669  1.46150168 -0.68308779]]
No. of iterations: 2000
No. of test data: 18089
[77.0, 76.8, 71.58, 78.2, 76.2, 79.08, 79.57, 80.15, 78.88, 78.26, 66.58, 77.14, 75.7, 80.01, 79.51, 80.06, 79.08]
[9.812495946884155, 9.907278299331665, 10.05678915977478, 10.122843503952026, 10.364899635314941, 10.305316686630249, 9.875550985336304, 9.911128282546997, 10.38648009300232, 10.203869819641113, 10.305916786193848, 10.208025455474854, 10.066614866256714, 10.050359725952148, 10.305715322494507, 10.083295345306396, 9.935506820678711]
Estimated regression coefficients: [[-1.84142899  1.86736384 -0.74757868 -0.08968933 -0.01726874  3.72873182
  -1.28359506  0.29129759 -1.19543088  0.12610683  0.84858622  1.55508341
   1.30267691  1.18676312 -0.5477543 ]]
No. of iterations: 2000
No. of test data: 18089
[77.0, 76.8, 71.58, 78.2, 76.2, 79.08, 79.57, 80.15, 78.88, 78.26, 66.58, 77.14, 75.7, 80.01, 79.51, 80.06, 79.08, 53.65]
[9.812495946884155, 9.907278299331665, 10.05678915977478, 10.122843503952026, 10.364899635314941, 10.305316686630249, 9.875550985336304, 9.911128282546997, 10.38648009300232, 10.203869819641113, 10.305916786193848, 10.208025455474854, 10.066614866256714, 10.050359725952148, 10.305715322494507, 10.083295345306396, 9.935506820678711, 10.642257928848267]
Estimated regression coefficients: [[-2.49466551  1.65670593 -0.69092572  0.37006021  0.3975789   2.9892538
  -1.63343329  0.40697045 -2.56509049 -0.43997118  0.05034675  1.61212132
   0.82091454  0.95972701 -0.79894074]]
No. of iterations: 2000
No. of test data: 18089
[77.0, 76.8, 71.58, 78.2, 76.2, 79.08, 79.57, 80.15, 78.88, 78.26, 66.58, 77.14, 75.7, 80.01, 79.51, 80.06, 79.08, 53.65, 78.04]
[9.812495946884155, 9.907278299331665, 10.05678915977478, 10.122843503952026, 10.364899635314941, 10.305316686630249, 9.875550985336304, 9.911128282546997, 10.38648009300232, 10.203869819641113, 10.305916786193848, 10.208025455474854, 10.066614866256714, 10.050359725952148, 10.305715322494507, 10.083295345306396, 9.935506820678711, 10.642257928848267, 9.993843078613281]
Estimated regression coefficients: [[-2.24684933  2.07453228 -0.56055566  0.09442745 -0.17298267  3.63035286
  -1.4318558   0.3919655  -1.01877077 -0.48648432  0.22973099  1.83160597
   1.33621622  1.28290289 -0.79744519]]
No. of iterations: 2000
No. of test data: 18089
[77.0, 76.8, 71.58, 78.2, 76.2, 79.08, 79.57, 80.15, 78.88, 78.26, 66.58, 77.14, 75.7, 80.01, 79.51, 80.06, 79.08, 53.65, 78.04, 79.25]
[9.812495946884155, 9.907278299331665, 10.05678915977478, 10.122843503952026, 10.364899635314941, 10.305316686630249, 9.875550985336304, 9.911128282546997, 10.38648009300232, 10.203869819641113, 10.305916786193848, 10.208025455474854, 10.066614866256714, 10.050359725952148, 10.305715322494507, 10.083295345306396, 9.935506820678711, 10.642257928848267, 9.993843078613281, 9.90762209892273]
Estimated regression coefficients: [[-2.40519108  1.75700628 -1.29849091 -0.18404742  0.52350412  3.20988164
  -1.97516699 -0.24976186 -1.29140078 -0.39098749  0.77520499  2.2583346
   0.79383083  0.70711629 -0.97069008]]
No. of iterations: 2000
No. of test data: 18089
[77.0, 76.8, 71.58, 78.2, 76.2, 79.08, 79.57, 80.15, 78.88, 78.26, 66.58, 77.14, 75.7, 80.01, 79.51, 80.06, 79.08, 53.65, 78.04, 79.25, 78.73]
[9.812495946884155, 9.907278299331665, 10.05678915977478, 10.122843503952026, 10.364899635314941, 10.305316686630249, 9.875550985336304, 9.911128282546997, 10.38648009300232, 10.203869819641113, 10.305916786193848, 10.208025455474854, 10.066614866256714, 10.050359725952148, 10.305715322494507, 10.083295345306396, 9.935506820678711, 10.642257928848267, 9.993843078613281, 9.90762209892273, 10.098733186721802]
Estimated regression coefficients: [[-2.21342524  1.60146515 -0.8549771  -0.35403816 -0.10988899  3.63853069
  -2.38831157  0.25985657 -1.63187017 -0.64749897  0.13385528  1.47450209
   0.88338809  0.81977893 -1.02506022]]
No. of iterations: 2000
No. of test data: 18089
[77.0, 76.8, 71.58, 78.2, 76.2, 79.08, 79.57, 80.15, 78.88, 78.26, 66.58, 77.14, 75.7, 80.01, 79.51, 80.06, 79.08, 53.65, 78.04, 79.25, 78.73, 76.6]
[9.812495946884155, 9.907278299331665, 10.05678915977478, 10.122843503952026, 10.364899635314941, 10.305316686630249, 9.875550985336304, 9.911128282546997, 10.38648009300232, 10.203869819641113, 10.305916786193848, 10.208025455474854, 10.066614866256714, 10.050359725952148, 10.305715322494507, 10.083295345306396, 9.935506820678711, 10.642257928848267, 9.993843078613281, 9.90762209892273, 10.098733186721802, 10.609281301498413]
Estimated regression coefficients: [[-2.34015818  1.82034306 -0.19674882 -0.14626746 -0.57437034  3.53670156
  -1.82355157  0.58660022 -1.51340911 -0.1664513   0.3134316   2.11372349
   1.38949887  1.29175288 -0.97172445]]
No. of iterations: 2000
No. of test data: 18089
[77.0, 76.8, 71.58, 78.2, 76.2, 79.08, 79.57, 80.15, 78.88, 78.26, 66.58, 77.14, 75.7, 80.01, 79.51, 80.06, 79.08, 53.65, 78.04, 79.25, 78.73, 76.6, 79.99]
[9.812495946884155, 9.907278299331665, 10.05678915977478, 10.122843503952026, 10.364899635314941, 10.305316686630249, 9.875550985336304, 9.911128282546997, 10.38648009300232, 10.203869819641113, 10.305916786193848, 10.208025455474854, 10.066614866256714, 10.050359725952148, 10.305715322494507, 10.083295345306396, 9.935506820678711, 10.642257928848267, 9.993843078613281, 9.90762209892273, 10.098733186721802, 10.609281301498413, 10.015064239501953]
Estimated regression coefficients: [[-1.72726154  2.10459435 -1.11124901  0.17416855  0.61347472  3.45125191
  -1.35337374  0.14239025 -1.00569758 -0.05632807  0.51758404  2.07821008
   0.8812288   0.81391937 -1.34280366]]
No. of iterations: 2000
No. of test data: 18089
[77.0, 76.8, 71.58, 78.2, 76.2, 79.08, 79.57, 80.15, 78.88, 78.26, 66.58, 77.14, 75.7, 80.01, 79.51, 80.06, 79.08, 53.65, 78.04, 79.25, 78.73, 76.6, 79.99, 72.63]
[9.812495946884155, 9.907278299331665, 10.05678915977478, 10.122843503952026, 10.364899635314941, 10.305316686630249, 9.875550985336304, 9.911128282546997, 10.38648009300232, 10.203869819641113, 10.305916786193848, 10.208025455474854, 10.066614866256714, 10.050359725952148, 10.305715322494507, 10.083295345306396, 9.935506820678711, 10.642257928848267, 9.993843078613281, 9.90762209892273, 10.098733186721802, 10.609281301498413, 10.015064239501953, 9.89382266998291]
Estimated regression coefficients: [[-2.28723308  1.86838421 -1.31126782  0.29423664 -0.33325644  3.33371056
  -1.77540908 -0.03576499 -1.42528974 -0.07339212 -0.00859651  1.81671781
   1.30460751  0.73826088 -1.29905485]]
No. of iterations: 2000
No. of test data: 18089
[77.0, 76.8, 71.58, 78.2, 76.2, 79.08, 79.57, 80.15, 78.88, 78.26, 66.58, 77.14, 75.7, 80.01, 79.51, 80.06, 79.08, 53.65, 78.04, 79.25, 78.73, 76.6, 79.99, 72.63, 76.41]
[9.812495946884155, 9.907278299331665, 10.05678915977478, 10.122843503952026, 10.364899635314941, 10.305316686630249, 9.875550985336304, 9.911128282546997, 10.38648009300232, 10.203869819641113, 10.305916786193848, 10.208025455474854, 10.066614866256714, 10.050359725952148, 10.305715322494507, 10.083295345306396, 9.935506820678711, 10.642257928848267, 9.993843078613281, 9.90762209892273, 10.098733186721802, 10.609281301498413, 10.015064239501953, 9.89382266998291, 9.862090587615967]
Estimated regression coefficients: [[-2.09717303  1.88059098 -0.26028323 -0.42199167  0.26268805  3.65344512
  -1.69972821  0.3170464  -2.16696944 -0.29024453  0.99852498  2.10816279
   1.15023918  0.71959894 -1.00875839]]
No. of iterations: 2000
No. of test data: 18089
[77.0, 76.8, 71.58, 78.2, 76.2, 79.08, 79.57, 80.15, 78.88, 78.26, 66.58, 77.14, 75.7, 80.01, 79.51, 80.06, 79.08, 53.65, 78.04, 79.25, 78.73, 76.6, 79.99, 72.63, 76.41, 73.38]
[9.812495946884155, 9.907278299331665, 10.05678915977478, 10.122843503952026, 10.364899635314941, 10.305316686630249, 9.875550985336304, 9.911128282546997, 10.38648009300232, 10.203869819641113, 10.305916786193848, 10.208025455474854, 10.066614866256714, 10.050359725952148, 10.305715322494507, 10.083295345306396, 9.935506820678711, 10.642257928848267, 9.993843078613281, 9.90762209892273, 10.098733186721802, 10.609281301498413, 10.015064239501953, 9.89382266998291, 9.862090587615967, 10.495332956314087]
Estimated regression coefficients: [[-2.47177665  2.146969   -1.15312066 -0.59763628  0.45099519  2.82910413
  -1.82113179 -0.35073384 -1.27790978 -0.52984239  0.39943049  2.29386807
   1.00631871  0.78180799 -0.91193124]]
No. of iterations: 2000
No. of test data: 18089
[77.0, 76.8, 71.58, 78.2, 76.2, 79.08, 79.57, 80.15, 78.88, 78.26, 66.58, 77.14, 75.7, 80.01, 79.51, 80.06, 79.08, 53.65, 78.04, 79.25, 78.73, 76.6, 79.99, 72.63, 76.41, 73.38, 76.71]
[9.812495946884155, 9.907278299331665, 10.05678915977478, 10.122843503952026, 10.364899635314941, 10.305316686630249, 9.875550985336304, 9.911128282546997, 10.38648009300232, 10.203869819641113, 10.305916786193848, 10.208025455474854, 10.066614866256714, 10.050359725952148, 10.305715322494507, 10.083295345306396, 9.935506820678711, 10.642257928848267, 9.993843078613281, 9.90762209892273, 10.098733186721802, 10.609281301498413, 10.015064239501953, 9.89382266998291, 9.862090587615967, 10.495332956314087, 10.033823728561401]
Estimated regression coefficients: [[-2.22074841  1.39007702 -0.6098399   0.12509197 -0.05001673  3.23003071
  -1.63492784  0.15350605 -1.26386317 -0.304541    0.46573983  1.55362155
   0.88925881  1.19464696 -1.11370949]]
No. of iterations: 2000
No. of test data: 18089
[77.0, 76.8, 71.58, 78.2, 76.2, 79.08, 79.57, 80.15, 78.88, 78.26, 66.58, 77.14, 75.7, 80.01, 79.51, 80.06, 79.08, 53.65, 78.04, 79.25, 78.73, 76.6, 79.99, 72.63, 76.41, 73.38, 76.71, 79.34]
[9.812495946884155, 9.907278299331665, 10.05678915977478, 10.122843503952026, 10.364899635314941, 10.305316686630249, 9.875550985336304, 9.911128282546997, 10.38648009300232, 10.203869819641113, 10.305916786193848, 10.208025455474854, 10.066614866256714, 10.050359725952148, 10.305715322494507, 10.083295345306396, 9.935506820678711, 10.642257928848267, 9.993843078613281, 9.90762209892273, 10.098733186721802, 10.609281301498413, 10.015064239501953, 9.89382266998291, 9.862090587615967, 10.495332956314087, 10.033823728561401, 10.281856298446655]
Estimated regression coefficients: [[-2.11457202  1.85242101 -0.45106821 -0.23973255  0.2424511   3.78959884
  -1.77730819 -0.11009023 -0.92901068 -0.07982747  0.07065205  1.7106095
   1.27814759  1.0889258  -1.02537398]]
No. of iterations: 2000
No. of test data: 18089
[77.0, 76.8, 71.58, 78.2, 76.2, 79.08, 79.57, 80.15, 78.88, 78.26, 66.58, 77.14, 75.7, 80.01, 79.51, 80.06, 79.08, 53.65, 78.04, 79.25, 78.73, 76.6, 79.99, 72.63, 76.41, 73.38, 76.71, 79.34, 77.99]
[9.812495946884155, 9.907278299331665, 10.05678915977478, 10.122843503952026, 10.364899635314941, 10.305316686630249, 9.875550985336304, 9.911128282546997, 10.38648009300232, 10.203869819641113, 10.305916786193848, 10.208025455474854, 10.066614866256714, 10.050359725952148, 10.305715322494507, 10.083295345306396, 9.935506820678711, 10.642257928848267, 9.993843078613281, 9.90762209892273, 10.098733186721802, 10.609281301498413, 10.015064239501953, 9.89382266998291, 9.862090587615967, 10.495332956314087, 10.033823728561401, 10.281856298446655, 10.713964700698853]
Estimated regression coefficients: [[-2.03139656  1.85528891 -0.8263252  -0.25269392  0.28287793  3.84144491
  -1.65493104 -0.44256631 -1.35257086  0.00697788  1.18524308  1.1780806
   0.75849286  0.63427988 -0.80828284]]
No. of iterations: 2000
No. of test data: 18089
[77.0, 76.8, 71.58, 78.2, 76.2, 79.08, 79.57, 80.15, 78.88, 78.26, 66.58, 77.14, 75.7, 80.01, 79.51, 80.06, 79.08, 53.65, 78.04, 79.25, 78.73, 76.6, 79.99, 72.63, 76.41, 73.38, 76.71, 79.34, 77.99, 67.73]
[9.812495946884155, 9.907278299331665, 10.05678915977478, 10.122843503952026, 10.364899635314941, 10.305316686630249, 9.875550985336304, 9.911128282546997, 10.38648009300232, 10.203869819641113, 10.305916786193848, 10.208025455474854, 10.066614866256714, 10.050359725952148, 10.305715322494507, 10.083295345306396, 9.935506820678711, 10.642257928848267, 9.993843078613281, 9.90762209892273, 10.098733186721802, 10.609281301498413, 10.015064239501953, 9.89382266998291, 9.862090587615967, 10.495332956314087, 10.033823728561401, 10.281856298446655, 10.713964700698853, 10.159852981567383]
Mean Accuracy 76.14166666666667
Mean Time 10.153654416402182
