Loading file :  bc.csv
[90.79]
[6.284686088562012]
[90.79, 91.23]
[6.284686088562012, 5.713883638381958]
[90.79, 91.23, 92.98]
[6.284686088562012, 5.713883638381958, 6.245936393737793]
[90.79, 91.23, 92.98, 92.11]
[6.284686088562012, 5.713883638381958, 6.245936393737793, 6.36395263671875]
[90.79, 91.23, 92.98, 92.11, 92.11]
[6.284686088562012, 5.713883638381958, 6.245936393737793, 6.36395263671875, 6.221041202545166]
[90.79, 91.23, 92.98, 92.11, 92.11, 89.91]
[6.284686088562012, 5.713883638381958, 6.245936393737793, 6.36395263671875, 6.221041202545166, 6.474501609802246]
[90.79, 91.23, 92.98, 92.11, 92.11, 89.91, 94.3]
[6.284686088562012, 5.713883638381958, 6.245936393737793, 6.36395263671875, 6.221041202545166, 6.474501609802246, 6.213560104370117]
[90.79, 91.23, 92.98, 92.11, 92.11, 89.91, 94.3, 95.61]
[6.284686088562012, 5.713883638381958, 6.245936393737793, 6.36395263671875, 6.221041202545166, 6.474501609802246, 6.213560104370117, 6.060668706893921]
[90.79, 91.23, 92.98, 92.11, 92.11, 89.91, 94.3, 95.61, 93.86]
[6.284686088562012, 5.713883638381958, 6.245936393737793, 6.36395263671875, 6.221041202545166, 6.474501609802246, 6.213560104370117, 6.060668706893921, 5.741135597229004]
[90.79, 91.23, 92.98, 92.11, 92.11, 89.91, 94.3, 95.61, 93.86, 93.42]
[6.284686088562012, 5.713883638381958, 6.245936393737793, 6.36395263671875, 6.221041202545166, 6.474501609802246, 6.213560104370117, 6.060668706893921, 5.741135597229004, 6.177612781524658]
[90.79, 91.23, 92.98, 92.11, 92.11, 89.91, 94.3, 95.61, 93.86, 93.42, 86.4]
[6.284686088562012, 5.713883638381958, 6.245936393737793, 6.36395263671875, 6.221041202545166, 6.474501609802246, 6.213560104370117, 6.060668706893921, 5.741135597229004, 6.177612781524658, 5.658065557479858]
[90.79, 91.23, 92.98, 92.11, 92.11, 89.91, 94.3, 95.61, 93.86, 93.42, 86.4, 91.67]
[6.284686088562012, 5.713883638381958, 6.245936393737793, 6.36395263671875, 6.221041202545166, 6.474501609802246, 6.213560104370117, 6.060668706893921, 5.741135597229004, 6.177612781524658, 5.658065557479858, 6.0916125774383545]
[90.79, 91.23, 92.98, 92.11, 92.11, 89.91, 94.3, 95.61, 93.86, 93.42, 86.4, 91.67, 92.54]
[6.284686088562012, 5.713883638381958, 6.245936393737793, 6.36395263671875, 6.221041202545166, 6.474501609802246, 6.213560104370117, 6.060668706893921, 5.741135597229004, 6.177612781524658, 5.658065557479858, 6.0916125774383545, 6.24226450920105]
[90.79, 91.23, 92.98, 92.11, 92.11, 89.91, 94.3, 95.61, 93.86, 93.42, 86.4, 91.67, 92.54, 91.67]
[6.284686088562012, 5.713883638381958, 6.245936393737793, 6.36395263671875, 6.221041202545166, 6.474501609802246, 6.213560104370117, 6.060668706893921, 5.741135597229004, 6.177612781524658, 5.658065557479858, 6.0916125774383545, 6.24226450920105, 6.1487321853637695]
[90.79, 91.23, 92.98, 92.11, 92.11, 89.91, 94.3, 95.61, 93.86, 93.42, 86.4, 91.67, 92.54, 91.67, 91.67]
[6.284686088562012, 5.713883638381958, 6.245936393737793, 6.36395263671875, 6.221041202545166, 6.474501609802246, 6.213560104370117, 6.060668706893921, 5.741135597229004, 6.177612781524658, 5.658065557479858, 6.0916125774383545, 6.24226450920105, 6.1487321853637695, 6.261915445327759]
[90.79, 91.23, 92.98, 92.11, 92.11, 89.91, 94.3, 95.61, 93.86, 93.42, 86.4, 91.67, 92.54, 91.67, 91.67, 93.86]
[6.284686088562012, 5.713883638381958, 6.245936393737793, 6.36395263671875, 6.221041202545166, 6.474501609802246, 6.213560104370117, 6.060668706893921, 5.741135597229004, 6.177612781524658, 5.658065557479858, 6.0916125774383545, 6.24226450920105, 6.1487321853637695, 6.261915445327759, 5.577702760696411]
[90.79, 91.23, 92.98, 92.11, 92.11, 89.91, 94.3, 95.61, 93.86, 93.42, 86.4, 91.67, 92.54, 91.67, 91.67, 93.86, 91.67]
[6.284686088562012, 5.713883638381958, 6.245936393737793, 6.36395263671875, 6.221041202545166, 6.474501609802246, 6.213560104370117, 6.060668706893921, 5.741135597229004, 6.177612781524658, 5.658065557479858, 6.0916125774383545, 6.24226450920105, 6.1487321853637695, 6.261915445327759, 5.577702760696411, 5.803308725357056]
[90.79, 91.23, 92.98, 92.11, 92.11, 89.91, 94.3, 95.61, 93.86, 93.42, 86.4, 91.67, 92.54, 91.67, 91.67, 93.86, 91.67, 92.54]
[6.284686088562012, 5.713883638381958, 6.245936393737793, 6.36395263671875, 6.221041202545166, 6.474501609802246, 6.213560104370117, 6.060668706893921, 5.741135597229004, 6.177612781524658, 5.658065557479858, 6.0916125774383545, 6.24226450920105, 6.1487321853637695, 6.261915445327759, 5.577702760696411, 5.803308725357056, 5.659965991973877]
[90.79, 91.23, 92.98, 92.11, 92.11, 89.91, 94.3, 95.61, 93.86, 93.42, 86.4, 91.67, 92.54, 91.67, 91.67, 93.86, 91.67, 92.54, 94.3]
[6.284686088562012, 5.713883638381958, 6.245936393737793, 6.36395263671875, 6.221041202545166, 6.474501609802246, 6.213560104370117, 6.060668706893921, 5.741135597229004, 6.177612781524658, 5.658065557479858, 6.0916125774383545, 6.24226450920105, 6.1487321853637695, 6.261915445327759, 5.577702760696411, 5.803308725357056, 5.659965991973877, 6.09375262260437]
[90.79, 91.23, 92.98, 92.11, 92.11, 89.91, 94.3, 95.61, 93.86, 93.42, 86.4, 91.67, 92.54, 91.67, 91.67, 93.86, 91.67, 92.54, 94.3, 91.67]
[6.284686088562012, 5.713883638381958, 6.245936393737793, 6.36395263671875, 6.221041202545166, 6.474501609802246, 6.213560104370117, 6.060668706893921, 5.741135597229004, 6.177612781524658, 5.658065557479858, 6.0916125774383545, 6.24226450920105, 6.1487321853637695, 6.261915445327759, 5.577702760696411, 5.803308725357056, 5.659965991973877, 6.09375262260437, 6.200616836547852]
[90.79, 91.23, 92.98, 92.11, 92.11, 89.91, 94.3, 95.61, 93.86, 93.42, 86.4, 91.67, 92.54, 91.67, 91.67, 93.86, 91.67, 92.54, 94.3, 91.67, 94.3]
[6.284686088562012, 5.713883638381958, 6.245936393737793, 6.36395263671875, 6.221041202545166, 6.474501609802246, 6.213560104370117, 6.060668706893921, 5.741135597229004, 6.177612781524658, 5.658065557479858, 6.0916125774383545, 6.24226450920105, 6.1487321853637695, 6.261915445327759, 5.577702760696411, 5.803308725357056, 5.659965991973877, 6.09375262260437, 6.200616836547852, 5.7557337284088135]
[90.79, 91.23, 92.98, 92.11, 92.11, 89.91, 94.3, 95.61, 93.86, 93.42, 86.4, 91.67, 92.54, 91.67, 91.67, 93.86, 91.67, 92.54, 94.3, 91.67, 94.3, 91.67]
[6.284686088562012, 5.713883638381958, 6.245936393737793, 6.36395263671875, 6.221041202545166, 6.474501609802246, 6.213560104370117, 6.060668706893921, 5.741135597229004, 6.177612781524658, 5.658065557479858, 6.0916125774383545, 6.24226450920105, 6.1487321853637695, 6.261915445327759, 5.577702760696411, 5.803308725357056, 5.659965991973877, 6.09375262260437, 6.200616836547852, 5.7557337284088135, 6.248327732086182]
[90.79, 91.23, 92.98, 92.11, 92.11, 89.91, 94.3, 95.61, 93.86, 93.42, 86.4, 91.67, 92.54, 91.67, 91.67, 93.86, 91.67, 92.54, 94.3, 91.67, 94.3, 91.67, 93.42]
[6.284686088562012, 5.713883638381958, 6.245936393737793, 6.36395263671875, 6.221041202545166, 6.474501609802246, 6.213560104370117, 6.060668706893921, 5.741135597229004, 6.177612781524658, 5.658065557479858, 6.0916125774383545, 6.24226450920105, 6.1487321853637695, 6.261915445327759, 5.577702760696411, 5.803308725357056, 5.659965991973877, 6.09375262260437, 6.200616836547852, 5.7557337284088135, 6.248327732086182, 5.705740451812744]
[90.79, 91.23, 92.98, 92.11, 92.11, 89.91, 94.3, 95.61, 93.86, 93.42, 86.4, 91.67, 92.54, 91.67, 91.67, 93.86, 91.67, 92.54, 94.3, 91.67, 94.3, 91.67, 93.42, 94.3]
[6.284686088562012, 5.713883638381958, 6.245936393737793, 6.36395263671875, 6.221041202545166, 6.474501609802246, 6.213560104370117, 6.060668706893921, 5.741135597229004, 6.177612781524658, 5.658065557479858, 6.0916125774383545, 6.24226450920105, 6.1487321853637695, 6.261915445327759, 5.577702760696411, 5.803308725357056, 5.659965991973877, 6.09375262260437, 6.200616836547852, 5.7557337284088135, 6.248327732086182, 5.705740451812744, 6.244876146316528]
[90.79, 91.23, 92.98, 92.11, 92.11, 89.91, 94.3, 95.61, 93.86, 93.42, 86.4, 91.67, 92.54, 91.67, 91.67, 93.86, 91.67, 92.54, 94.3, 91.67, 94.3, 91.67, 93.42, 94.3, 87.72]
[6.284686088562012, 5.713883638381958, 6.245936393737793, 6.36395263671875, 6.221041202545166, 6.474501609802246, 6.213560104370117, 6.060668706893921, 5.741135597229004, 6.177612781524658, 5.658065557479858, 6.0916125774383545, 6.24226450920105, 6.1487321853637695, 6.261915445327759, 5.577702760696411, 5.803308725357056, 5.659965991973877, 6.09375262260437, 6.200616836547852, 5.7557337284088135, 6.248327732086182, 5.705740451812744, 6.244876146316528, 6.2055113315582275]
[90.79, 91.23, 92.98, 92.11, 92.11, 89.91, 94.3, 95.61, 93.86, 93.42, 86.4, 91.67, 92.54, 91.67, 91.67, 93.86, 91.67, 92.54, 94.3, 91.67, 94.3, 91.67, 93.42, 94.3, 87.72, 94.3]
[6.284686088562012, 5.713883638381958, 6.245936393737793, 6.36395263671875, 6.221041202545166, 6.474501609802246, 6.213560104370117, 6.060668706893921, 5.741135597229004, 6.177612781524658, 5.658065557479858, 6.0916125774383545, 6.24226450920105, 6.1487321853637695, 6.261915445327759, 5.577702760696411, 5.803308725357056, 5.659965991973877, 6.09375262260437, 6.200616836547852, 5.7557337284088135, 6.248327732086182, 5.705740451812744, 6.244876146316528, 6.2055113315582275, 6.29832124710083]
[90.79, 91.23, 92.98, 92.11, 92.11, 89.91, 94.3, 95.61, 93.86, 93.42, 86.4, 91.67, 92.54, 91.67, 91.67, 93.86, 91.67, 92.54, 94.3, 91.67, 94.3, 91.67, 93.42, 94.3, 87.72, 94.3, 92.11]
[6.284686088562012, 5.713883638381958, 6.245936393737793, 6.36395263671875, 6.221041202545166, 6.474501609802246, 6.213560104370117, 6.060668706893921, 5.741135597229004, 6.177612781524658, 5.658065557479858, 6.0916125774383545, 6.24226450920105, 6.1487321853637695, 6.261915445327759, 5.577702760696411, 5.803308725357056, 5.659965991973877, 6.09375262260437, 6.200616836547852, 5.7557337284088135, 6.248327732086182, 5.705740451812744, 6.244876146316528, 6.2055113315582275, 6.29832124710083, 5.805165529251099]
[90.79, 91.23, 92.98, 92.11, 92.11, 89.91, 94.3, 95.61, 93.86, 93.42, 86.4, 91.67, 92.54, 91.67, 91.67, 93.86, 91.67, 92.54, 94.3, 91.67, 94.3, 91.67, 93.42, 94.3, 87.72, 94.3, 92.11, 93.86]
[6.284686088562012, 5.713883638381958, 6.245936393737793, 6.36395263671875, 6.221041202545166, 6.474501609802246, 6.213560104370117, 6.060668706893921, 5.741135597229004, 6.177612781524658, 5.658065557479858, 6.0916125774383545, 6.24226450920105, 6.1487321853637695, 6.261915445327759, 5.577702760696411, 5.803308725357056, 5.659965991973877, 6.09375262260437, 6.200616836547852, 5.7557337284088135, 6.248327732086182, 5.705740451812744, 6.244876146316528, 6.2055113315582275, 6.29832124710083, 5.805165529251099, 6.40305757522583]
[90.79, 91.23, 92.98, 92.11, 92.11, 89.91, 94.3, 95.61, 93.86, 93.42, 86.4, 91.67, 92.54, 91.67, 91.67, 93.86, 91.67, 92.54, 94.3, 91.67, 94.3, 91.67, 93.42, 94.3, 87.72, 94.3, 92.11, 93.86, 92.98]
[6.284686088562012, 5.713883638381958, 6.245936393737793, 6.36395263671875, 6.221041202545166, 6.474501609802246, 6.213560104370117, 6.060668706893921, 5.741135597229004, 6.177612781524658, 5.658065557479858, 6.0916125774383545, 6.24226450920105, 6.1487321853637695, 6.261915445327759, 5.577702760696411, 5.803308725357056, 5.659965991973877, 6.09375262260437, 6.200616836547852, 5.7557337284088135, 6.248327732086182, 5.705740451812744, 6.244876146316528, 6.2055113315582275, 6.29832124710083, 5.805165529251099, 6.40305757522583, 6.216917037963867]
[90.79, 91.23, 92.98, 92.11, 92.11, 89.91, 94.3, 95.61, 93.86, 93.42, 86.4, 91.67, 92.54, 91.67, 91.67, 93.86, 91.67, 92.54, 94.3, 91.67, 94.3, 91.67, 93.42, 94.3, 87.72, 94.3, 92.11, 93.86, 92.98, 92.11]
[6.284686088562012, 5.713883638381958, 6.245936393737793, 6.36395263671875, 6.221041202545166, 6.474501609802246, 6.213560104370117, 6.060668706893921, 5.741135597229004, 6.177612781524658, 5.658065557479858, 6.0916125774383545, 6.24226450920105, 6.1487321853637695, 6.261915445327759, 5.577702760696411, 5.803308725357056, 5.659965991973877, 6.09375262260437, 6.200616836547852, 5.7557337284088135, 6.248327732086182, 5.705740451812744, 6.244876146316528, 6.2055113315582275, 6.29832124710083, 5.805165529251099, 6.40305757522583, 6.216917037963867, 5.743224143981934]
Mean Accuracy 92.36933333333333
Mean Time 6.062059696515401
Loading file :  cardio_train.csv
[56.77]
[6.706264495849609]
[56.77, 60.61]
[6.706264495849609, 6.63405966758728]
[56.77, 60.61, 61.96]
[6.706264495849609, 6.63405966758728, 6.6501593589782715]
[56.77, 60.61, 61.96, 60.2]
[6.706264495849609, 6.63405966758728, 6.6501593589782715, 6.690540075302124]
[56.77, 60.61, 61.96, 60.2, 58.39]
[6.706264495849609, 6.63405966758728, 6.6501593589782715, 6.690540075302124, 6.8573057651519775]
[56.77, 60.61, 61.96, 60.2, 58.39, 59.83]
[6.706264495849609, 6.63405966758728, 6.6501593589782715, 6.690540075302124, 6.8573057651519775, 6.696815013885498]
[56.77, 60.61, 61.96, 60.2, 58.39, 59.83, 60.33]
[6.706264495849609, 6.63405966758728, 6.6501593589782715, 6.690540075302124, 6.8573057651519775, 6.696815013885498, 6.161357879638672]
[56.77, 60.61, 61.96, 60.2, 58.39, 59.83, 60.33, 59.08]
[6.706264495849609, 6.63405966758728, 6.6501593589782715, 6.690540075302124, 6.8573057651519775, 6.696815013885498, 6.161357879638672, 6.698648452758789]
[56.77, 60.61, 61.96, 60.2, 58.39, 59.83, 60.33, 59.08, 60.01]
[6.706264495849609, 6.63405966758728, 6.6501593589782715, 6.690540075302124, 6.8573057651519775, 6.696815013885498, 6.161357879638672, 6.698648452758789, 6.689839601516724]
[56.77, 60.61, 61.96, 60.2, 58.39, 59.83, 60.33, 59.08, 60.01, 52.4]
[6.706264495849609, 6.63405966758728, 6.6501593589782715, 6.690540075302124, 6.8573057651519775, 6.696815013885498, 6.161357879638672, 6.698648452758789, 6.689839601516724, 6.5755698680877686]
[56.77, 60.61, 61.96, 60.2, 58.39, 59.83, 60.33, 59.08, 60.01, 52.4, 55.98]
[6.706264495849609, 6.63405966758728, 6.6501593589782715, 6.690540075302124, 6.8573057651519775, 6.696815013885498, 6.161357879638672, 6.698648452758789, 6.689839601516724, 6.5755698680877686, 6.751909494400024]
[56.77, 60.61, 61.96, 60.2, 58.39, 59.83, 60.33, 59.08, 60.01, 52.4, 55.98, 52.5]
[6.706264495849609, 6.63405966758728, 6.6501593589782715, 6.690540075302124, 6.8573057651519775, 6.696815013885498, 6.161357879638672, 6.698648452758789, 6.689839601516724, 6.5755698680877686, 6.751909494400024, 6.526432752609253]
[56.77, 60.61, 61.96, 60.2, 58.39, 59.83, 60.33, 59.08, 60.01, 52.4, 55.98, 52.5, 61.01]
[6.706264495849609, 6.63405966758728, 6.6501593589782715, 6.690540075302124, 6.8573057651519775, 6.696815013885498, 6.161357879638672, 6.698648452758789, 6.689839601516724, 6.5755698680877686, 6.751909494400024, 6.526432752609253, 6.247694969177246]
[56.77, 60.61, 61.96, 60.2, 58.39, 59.83, 60.33, 59.08, 60.01, 52.4, 55.98, 52.5, 61.01, 57.31]
[6.706264495849609, 6.63405966758728, 6.6501593589782715, 6.690540075302124, 6.8573057651519775, 6.696815013885498, 6.161357879638672, 6.698648452758789, 6.689839601516724, 6.5755698680877686, 6.751909494400024, 6.526432752609253, 6.247694969177246, 6.774968147277832]
[56.77, 60.61, 61.96, 60.2, 58.39, 59.83, 60.33, 59.08, 60.01, 52.4, 55.98, 52.5, 61.01, 57.31, 61.46]
[6.706264495849609, 6.63405966758728, 6.6501593589782715, 6.690540075302124, 6.8573057651519775, 6.696815013885498, 6.161357879638672, 6.698648452758789, 6.689839601516724, 6.5755698680877686, 6.751909494400024, 6.526432752609253, 6.247694969177246, 6.774968147277832, 6.577722787857056]
[56.77, 60.61, 61.96, 60.2, 58.39, 59.83, 60.33, 59.08, 60.01, 52.4, 55.98, 52.5, 61.01, 57.31, 61.46, 60.67]
[6.706264495849609, 6.63405966758728, 6.6501593589782715, 6.690540075302124, 6.8573057651519775, 6.696815013885498, 6.161357879638672, 6.698648452758789, 6.689839601516724, 6.5755698680877686, 6.751909494400024, 6.526432752609253, 6.247694969177246, 6.774968147277832, 6.577722787857056, 6.309694290161133]
[56.77, 60.61, 61.96, 60.2, 58.39, 59.83, 60.33, 59.08, 60.01, 52.4, 55.98, 52.5, 61.01, 57.31, 61.46, 60.67, 61.51]
[6.706264495849609, 6.63405966758728, 6.6501593589782715, 6.690540075302124, 6.8573057651519775, 6.696815013885498, 6.161357879638672, 6.698648452758789, 6.689839601516724, 6.5755698680877686, 6.751909494400024, 6.526432752609253, 6.247694969177246, 6.774968147277832, 6.577722787857056, 6.309694290161133, 6.627611398696899]
[56.77, 60.61, 61.96, 60.2, 58.39, 59.83, 60.33, 59.08, 60.01, 52.4, 55.98, 52.5, 61.01, 57.31, 61.46, 60.67, 61.51, 60.61]
[6.706264495849609, 6.63405966758728, 6.6501593589782715, 6.690540075302124, 6.8573057651519775, 6.696815013885498, 6.161357879638672, 6.698648452758789, 6.689839601516724, 6.5755698680877686, 6.751909494400024, 6.526432752609253, 6.247694969177246, 6.774968147277832, 6.577722787857056, 6.309694290161133, 6.627611398696899, 6.609341859817505]
[56.77, 60.61, 61.96, 60.2, 58.39, 59.83, 60.33, 59.08, 60.01, 52.4, 55.98, 52.5, 61.01, 57.31, 61.46, 60.67, 61.51, 60.61, 58.06]
[6.706264495849609, 6.63405966758728, 6.6501593589782715, 6.690540075302124, 6.8573057651519775, 6.696815013885498, 6.161357879638672, 6.698648452758789, 6.689839601516724, 6.5755698680877686, 6.751909494400024, 6.526432752609253, 6.247694969177246, 6.774968147277832, 6.577722787857056, 6.309694290161133, 6.627611398696899, 6.609341859817505, 6.4107184410095215]
[56.77, 60.61, 61.96, 60.2, 58.39, 59.83, 60.33, 59.08, 60.01, 52.4, 55.98, 52.5, 61.01, 57.31, 61.46, 60.67, 61.51, 60.61, 58.06, 59.64]
[6.706264495849609, 6.63405966758728, 6.6501593589782715, 6.690540075302124, 6.8573057651519775, 6.696815013885498, 6.161357879638672, 6.698648452758789, 6.689839601516724, 6.5755698680877686, 6.751909494400024, 6.526432752609253, 6.247694969177246, 6.774968147277832, 6.577722787857056, 6.309694290161133, 6.627611398696899, 6.609341859817505, 6.4107184410095215, 6.462886571884155]
[56.77, 60.61, 61.96, 60.2, 58.39, 59.83, 60.33, 59.08, 60.01, 52.4, 55.98, 52.5, 61.01, 57.31, 61.46, 60.67, 61.51, 60.61, 58.06, 59.64, 53.01]
[6.706264495849609, 6.63405966758728, 6.6501593589782715, 6.690540075302124, 6.8573057651519775, 6.696815013885498, 6.161357879638672, 6.698648452758789, 6.689839601516724, 6.5755698680877686, 6.751909494400024, 6.526432752609253, 6.247694969177246, 6.774968147277832, 6.577722787857056, 6.309694290161133, 6.627611398696899, 6.609341859817505, 6.4107184410095215, 6.462886571884155, 6.9115166664123535]
[56.77, 60.61, 61.96, 60.2, 58.39, 59.83, 60.33, 59.08, 60.01, 52.4, 55.98, 52.5, 61.01, 57.31, 61.46, 60.67, 61.51, 60.61, 58.06, 59.64, 53.01, 52.61]
[6.706264495849609, 6.63405966758728, 6.6501593589782715, 6.690540075302124, 6.8573057651519775, 6.696815013885498, 6.161357879638672, 6.698648452758789, 6.689839601516724, 6.5755698680877686, 6.751909494400024, 6.526432752609253, 6.247694969177246, 6.774968147277832, 6.577722787857056, 6.309694290161133, 6.627611398696899, 6.609341859817505, 6.4107184410095215, 6.462886571884155, 6.9115166664123535, 6.852356910705566]
[56.77, 60.61, 61.96, 60.2, 58.39, 59.83, 60.33, 59.08, 60.01, 52.4, 55.98, 52.5, 61.01, 57.31, 61.46, 60.67, 61.51, 60.61, 58.06, 59.64, 53.01, 52.61, 62.88]
[6.706264495849609, 6.63405966758728, 6.6501593589782715, 6.690540075302124, 6.8573057651519775, 6.696815013885498, 6.161357879638672, 6.698648452758789, 6.689839601516724, 6.5755698680877686, 6.751909494400024, 6.526432752609253, 6.247694969177246, 6.774968147277832, 6.577722787857056, 6.309694290161133, 6.627611398696899, 6.609341859817505, 6.4107184410095215, 6.462886571884155, 6.9115166664123535, 6.852356910705566, 6.61724328994751]
[56.77, 60.61, 61.96, 60.2, 58.39, 59.83, 60.33, 59.08, 60.01, 52.4, 55.98, 52.5, 61.01, 57.31, 61.46, 60.67, 61.51, 60.61, 58.06, 59.64, 53.01, 52.61, 62.88, 58.21]
[6.706264495849609, 6.63405966758728, 6.6501593589782715, 6.690540075302124, 6.8573057651519775, 6.696815013885498, 6.161357879638672, 6.698648452758789, 6.689839601516724, 6.5755698680877686, 6.751909494400024, 6.526432752609253, 6.247694969177246, 6.774968147277832, 6.577722787857056, 6.309694290161133, 6.627611398696899, 6.609341859817505, 6.4107184410095215, 6.462886571884155, 6.9115166664123535, 6.852356910705566, 6.61724328994751, 6.35840368270874]
[56.77, 60.61, 61.96, 60.2, 58.39, 59.83, 60.33, 59.08, 60.01, 52.4, 55.98, 52.5, 61.01, 57.31, 61.46, 60.67, 61.51, 60.61, 58.06, 59.64, 53.01, 52.61, 62.88, 58.21, 61.16]
[6.706264495849609, 6.63405966758728, 6.6501593589782715, 6.690540075302124, 6.8573057651519775, 6.696815013885498, 6.161357879638672, 6.698648452758789, 6.689839601516724, 6.5755698680877686, 6.751909494400024, 6.526432752609253, 6.247694969177246, 6.774968147277832, 6.577722787857056, 6.309694290161133, 6.627611398696899, 6.609341859817505, 6.4107184410095215, 6.462886571884155, 6.9115166664123535, 6.852356910705566, 6.61724328994751, 6.35840368270874, 6.53475546836853]
[56.77, 60.61, 61.96, 60.2, 58.39, 59.83, 60.33, 59.08, 60.01, 52.4, 55.98, 52.5, 61.01, 57.31, 61.46, 60.67, 61.51, 60.61, 58.06, 59.64, 53.01, 52.61, 62.88, 58.21, 61.16, 59.28]
[6.706264495849609, 6.63405966758728, 6.6501593589782715, 6.690540075302124, 6.8573057651519775, 6.696815013885498, 6.161357879638672, 6.698648452758789, 6.689839601516724, 6.5755698680877686, 6.751909494400024, 6.526432752609253, 6.247694969177246, 6.774968147277832, 6.577722787857056, 6.309694290161133, 6.627611398696899, 6.609341859817505, 6.4107184410095215, 6.462886571884155, 6.9115166664123535, 6.852356910705566, 6.61724328994751, 6.35840368270874, 6.53475546836853, 6.545409440994263]
[56.77, 60.61, 61.96, 60.2, 58.39, 59.83, 60.33, 59.08, 60.01, 52.4, 55.98, 52.5, 61.01, 57.31, 61.46, 60.67, 61.51, 60.61, 58.06, 59.64, 53.01, 52.61, 62.88, 58.21, 61.16, 59.28, 54.84]
[6.706264495849609, 6.63405966758728, 6.6501593589782715, 6.690540075302124, 6.8573057651519775, 6.696815013885498, 6.161357879638672, 6.698648452758789, 6.689839601516724, 6.5755698680877686, 6.751909494400024, 6.526432752609253, 6.247694969177246, 6.774968147277832, 6.577722787857056, 6.309694290161133, 6.627611398696899, 6.609341859817505, 6.4107184410095215, 6.462886571884155, 6.9115166664123535, 6.852356910705566, 6.61724328994751, 6.35840368270874, 6.53475546836853, 6.545409440994263, 6.820129871368408]
[56.77, 60.61, 61.96, 60.2, 58.39, 59.83, 60.33, 59.08, 60.01, 52.4, 55.98, 52.5, 61.01, 57.31, 61.46, 60.67, 61.51, 60.61, 58.06, 59.64, 53.01, 52.61, 62.88, 58.21, 61.16, 59.28, 54.84, 60.14]
[6.706264495849609, 6.63405966758728, 6.6501593589782715, 6.690540075302124, 6.8573057651519775, 6.696815013885498, 6.161357879638672, 6.698648452758789, 6.689839601516724, 6.5755698680877686, 6.751909494400024, 6.526432752609253, 6.247694969177246, 6.774968147277832, 6.577722787857056, 6.309694290161133, 6.627611398696899, 6.609341859817505, 6.4107184410095215, 6.462886571884155, 6.9115166664123535, 6.852356910705566, 6.61724328994751, 6.35840368270874, 6.53475546836853, 6.545409440994263, 6.820129871368408, 6.986032009124756]
[56.77, 60.61, 61.96, 60.2, 58.39, 59.83, 60.33, 59.08, 60.01, 52.4, 55.98, 52.5, 61.01, 57.31, 61.46, 60.67, 61.51, 60.61, 58.06, 59.64, 53.01, 52.61, 62.88, 58.21, 61.16, 59.28, 54.84, 60.14, 53.2]
[6.706264495849609, 6.63405966758728, 6.6501593589782715, 6.690540075302124, 6.8573057651519775, 6.696815013885498, 6.161357879638672, 6.698648452758789, 6.689839601516724, 6.5755698680877686, 6.751909494400024, 6.526432752609253, 6.247694969177246, 6.774968147277832, 6.577722787857056, 6.309694290161133, 6.627611398696899, 6.609341859817505, 6.4107184410095215, 6.462886571884155, 6.9115166664123535, 6.852356910705566, 6.61724328994751, 6.35840368270874, 6.53475546836853, 6.545409440994263, 6.820129871368408, 6.986032009124756, 6.6412622928619385]
[56.77, 60.61, 61.96, 60.2, 58.39, 59.83, 60.33, 59.08, 60.01, 52.4, 55.98, 52.5, 61.01, 57.31, 61.46, 60.67, 61.51, 60.61, 58.06, 59.64, 53.01, 52.61, 62.88, 58.21, 61.16, 59.28, 54.84, 60.14, 53.2, 59.1]
[6.706264495849609, 6.63405966758728, 6.6501593589782715, 6.690540075302124, 6.8573057651519775, 6.696815013885498, 6.161357879638672, 6.698648452758789, 6.689839601516724, 6.5755698680877686, 6.751909494400024, 6.526432752609253, 6.247694969177246, 6.774968147277832, 6.577722787857056, 6.309694290161133, 6.627611398696899, 6.609341859817505, 6.4107184410095215, 6.462886571884155, 6.9115166664123535, 6.852356910705566, 6.61724328994751, 6.35840368270874, 6.53475546836853, 6.545409440994263, 6.820129871368408, 6.986032009124756, 6.6412622928619385, 6.782014608383179]
Mean Accuracy 58.425333333333334
Mean Time 6.623622171084086
Loading file :  diabetes.csv
[66.88]
[6.264320373535156]
[66.88, 70.78]
[6.264320373535156, 6.272440433502197]
[66.88, 70.78, 66.56]
[6.264320373535156, 6.272440433502197, 5.692208290100098]
[66.88, 70.78, 66.56, 69.16]
[6.264320373535156, 6.272440433502197, 5.692208290100098, 5.583047389984131]
[66.88, 70.78, 66.56, 69.16, 68.51]
[6.264320373535156, 6.272440433502197, 5.692208290100098, 5.583047389984131, 6.111583709716797]
[66.88, 70.78, 66.56, 69.16, 68.51, 72.73]
[6.264320373535156, 6.272440433502197, 5.692208290100098, 5.583047389984131, 6.111583709716797, 5.811670303344727]
[66.88, 70.78, 66.56, 69.16, 68.51, 72.73, 66.56]
[6.264320373535156, 6.272440433502197, 5.692208290100098, 5.583047389984131, 6.111583709716797, 5.811670303344727, 5.66437840461731]
[66.88, 70.78, 66.56, 69.16, 68.51, 72.73, 66.56, 66.88]
[6.264320373535156, 6.272440433502197, 5.692208290100098, 5.583047389984131, 6.111583709716797, 5.811670303344727, 5.66437840461731, 5.627847671508789]
[66.88, 70.78, 66.56, 69.16, 68.51, 72.73, 66.56, 66.88, 71.75]
[6.264320373535156, 6.272440433502197, 5.692208290100098, 5.583047389984131, 6.111583709716797, 5.811670303344727, 5.66437840461731, 5.627847671508789, 5.693670272827148]
[66.88, 70.78, 66.56, 69.16, 68.51, 72.73, 66.56, 66.88, 71.75, 66.56]
[6.264320373535156, 6.272440433502197, 5.692208290100098, 5.583047389984131, 6.111583709716797, 5.811670303344727, 5.66437840461731, 5.627847671508789, 5.693670272827148, 5.67778468132019]
[66.88, 70.78, 66.56, 69.16, 68.51, 72.73, 66.56, 66.88, 71.75, 66.56, 69.48]
[6.264320373535156, 6.272440433502197, 5.692208290100098, 5.583047389984131, 6.111583709716797, 5.811670303344727, 5.66437840461731, 5.627847671508789, 5.693670272827148, 5.67778468132019, 6.2763352394104]
[66.88, 70.78, 66.56, 69.16, 68.51, 72.73, 66.56, 66.88, 71.75, 66.56, 69.48, 69.48]
[6.264320373535156, 6.272440433502197, 5.692208290100098, 5.583047389984131, 6.111583709716797, 5.811670303344727, 5.66437840461731, 5.627847671508789, 5.693670272827148, 5.67778468132019, 6.2763352394104, 5.747085094451904]
[66.88, 70.78, 66.56, 69.16, 68.51, 72.73, 66.56, 66.88, 71.75, 66.56, 69.48, 69.48, 66.56]
[6.264320373535156, 6.272440433502197, 5.692208290100098, 5.583047389984131, 6.111583709716797, 5.811670303344727, 5.66437840461731, 5.627847671508789, 5.693670272827148, 5.67778468132019, 6.2763352394104, 5.747085094451904, 6.31200385093689]
[66.88, 70.78, 66.56, 69.16, 68.51, 72.73, 66.56, 66.88, 71.75, 66.56, 69.48, 69.48, 66.56, 72.08]
[6.264320373535156, 6.272440433502197, 5.692208290100098, 5.583047389984131, 6.111583709716797, 5.811670303344727, 5.66437840461731, 5.627847671508789, 5.693670272827148, 5.67778468132019, 6.2763352394104, 5.747085094451904, 6.31200385093689, 6.150976657867432]
[66.88, 70.78, 66.56, 69.16, 68.51, 72.73, 66.56, 66.88, 71.75, 66.56, 69.48, 69.48, 66.56, 72.08, 66.88]
[6.264320373535156, 6.272440433502197, 5.692208290100098, 5.583047389984131, 6.111583709716797, 5.811670303344727, 5.66437840461731, 5.627847671508789, 5.693670272827148, 5.67778468132019, 6.2763352394104, 5.747085094451904, 6.31200385093689, 6.150976657867432, 5.562147378921509]
[66.88, 70.78, 66.56, 69.16, 68.51, 72.73, 66.56, 66.88, 71.75, 66.56, 69.48, 69.48, 66.56, 72.08, 66.88, 69.16]
[6.264320373535156, 6.272440433502197, 5.692208290100098, 5.583047389984131, 6.111583709716797, 5.811670303344727, 5.66437840461731, 5.627847671508789, 5.693670272827148, 5.67778468132019, 6.2763352394104, 5.747085094451904, 6.31200385093689, 6.150976657867432, 5.562147378921509, 5.6892616748809814]
[66.88, 70.78, 66.56, 69.16, 68.51, 72.73, 66.56, 66.88, 71.75, 66.56, 69.48, 69.48, 66.56, 72.08, 66.88, 69.16, 68.18]
[6.264320373535156, 6.272440433502197, 5.692208290100098, 5.583047389984131, 6.111583709716797, 5.811670303344727, 5.66437840461731, 5.627847671508789, 5.693670272827148, 5.67778468132019, 6.2763352394104, 5.747085094451904, 6.31200385093689, 6.150976657867432, 5.562147378921509, 5.6892616748809814, 6.3685691356658936]
[66.88, 70.78, 66.56, 69.16, 68.51, 72.73, 66.56, 66.88, 71.75, 66.56, 69.48, 69.48, 66.56, 72.08, 66.88, 69.16, 68.18, 68.18]
[6.264320373535156, 6.272440433502197, 5.692208290100098, 5.583047389984131, 6.111583709716797, 5.811670303344727, 5.66437840461731, 5.627847671508789, 5.693670272827148, 5.67778468132019, 6.2763352394104, 5.747085094451904, 6.31200385093689, 6.150976657867432, 5.562147378921509, 5.6892616748809814, 6.3685691356658936, 6.138047933578491]
[66.88, 70.78, 66.56, 69.16, 68.51, 72.73, 66.56, 66.88, 71.75, 66.56, 69.48, 69.48, 66.56, 72.08, 66.88, 69.16, 68.18, 68.18, 66.56]
[6.264320373535156, 6.272440433502197, 5.692208290100098, 5.583047389984131, 6.111583709716797, 5.811670303344727, 5.66437840461731, 5.627847671508789, 5.693670272827148, 5.67778468132019, 6.2763352394104, 5.747085094451904, 6.31200385093689, 6.150976657867432, 5.562147378921509, 5.6892616748809814, 6.3685691356658936, 6.138047933578491, 6.187465190887451]
[66.88, 70.78, 66.56, 69.16, 68.51, 72.73, 66.56, 66.88, 71.75, 66.56, 69.48, 69.48, 66.56, 72.08, 66.88, 69.16, 68.18, 68.18, 66.56, 74.35]
[6.264320373535156, 6.272440433502197, 5.692208290100098, 5.583047389984131, 6.111583709716797, 5.811670303344727, 5.66437840461731, 5.627847671508789, 5.693670272827148, 5.67778468132019, 6.2763352394104, 5.747085094451904, 6.31200385093689, 6.150976657867432, 5.562147378921509, 5.6892616748809814, 6.3685691356658936, 6.138047933578491, 6.187465190887451, 5.661363124847412]
[66.88, 70.78, 66.56, 69.16, 68.51, 72.73, 66.56, 66.88, 71.75, 66.56, 69.48, 69.48, 66.56, 72.08, 66.88, 69.16, 68.18, 68.18, 66.56, 74.35, 67.21]
[6.264320373535156, 6.272440433502197, 5.692208290100098, 5.583047389984131, 6.111583709716797, 5.811670303344727, 5.66437840461731, 5.627847671508789, 5.693670272827148, 5.67778468132019, 6.2763352394104, 5.747085094451904, 6.31200385093689, 6.150976657867432, 5.562147378921509, 5.6892616748809814, 6.3685691356658936, 6.138047933578491, 6.187465190887451, 5.661363124847412, 5.691224575042725]
[66.88, 70.78, 66.56, 69.16, 68.51, 72.73, 66.56, 66.88, 71.75, 66.56, 69.48, 69.48, 66.56, 72.08, 66.88, 69.16, 68.18, 68.18, 66.56, 74.35, 67.21, 70.13]
[6.264320373535156, 6.272440433502197, 5.692208290100098, 5.583047389984131, 6.111583709716797, 5.811670303344727, 5.66437840461731, 5.627847671508789, 5.693670272827148, 5.67778468132019, 6.2763352394104, 5.747085094451904, 6.31200385093689, 6.150976657867432, 5.562147378921509, 5.6892616748809814, 6.3685691356658936, 6.138047933578491, 6.187465190887451, 5.661363124847412, 5.691224575042725, 5.803170680999756]
[66.88, 70.78, 66.56, 69.16, 68.51, 72.73, 66.56, 66.88, 71.75, 66.56, 69.48, 69.48, 66.56, 72.08, 66.88, 69.16, 68.18, 68.18, 66.56, 74.35, 67.21, 70.13, 74.68]
[6.264320373535156, 6.272440433502197, 5.692208290100098, 5.583047389984131, 6.111583709716797, 5.811670303344727, 5.66437840461731, 5.627847671508789, 5.693670272827148, 5.67778468132019, 6.2763352394104, 5.747085094451904, 6.31200385093689, 6.150976657867432, 5.562147378921509, 5.6892616748809814, 6.3685691356658936, 6.138047933578491, 6.187465190887451, 5.661363124847412, 5.691224575042725, 5.803170680999756, 6.262911081314087]
[66.88, 70.78, 66.56, 69.16, 68.51, 72.73, 66.56, 66.88, 71.75, 66.56, 69.48, 69.48, 66.56, 72.08, 66.88, 69.16, 68.18, 68.18, 66.56, 74.35, 67.21, 70.13, 74.68, 66.56]
[6.264320373535156, 6.272440433502197, 5.692208290100098, 5.583047389984131, 6.111583709716797, 5.811670303344727, 5.66437840461731, 5.627847671508789, 5.693670272827148, 5.67778468132019, 6.2763352394104, 5.747085094451904, 6.31200385093689, 6.150976657867432, 5.562147378921509, 5.6892616748809814, 6.3685691356658936, 6.138047933578491, 6.187465190887451, 5.661363124847412, 5.691224575042725, 5.803170680999756, 6.262911081314087, 6.202641010284424]
[66.88, 70.78, 66.56, 69.16, 68.51, 72.73, 66.56, 66.88, 71.75, 66.56, 69.48, 69.48, 66.56, 72.08, 66.88, 69.16, 68.18, 68.18, 66.56, 74.35, 67.21, 70.13, 74.68, 66.56, 71.1]
[6.264320373535156, 6.272440433502197, 5.692208290100098, 5.583047389984131, 6.111583709716797, 5.811670303344727, 5.66437840461731, 5.627847671508789, 5.693670272827148, 5.67778468132019, 6.2763352394104, 5.747085094451904, 6.31200385093689, 6.150976657867432, 5.562147378921509, 5.6892616748809814, 6.3685691356658936, 6.138047933578491, 6.187465190887451, 5.661363124847412, 5.691224575042725, 5.803170680999756, 6.262911081314087, 6.202641010284424, 5.950768232345581]
[66.88, 70.78, 66.56, 69.16, 68.51, 72.73, 66.56, 66.88, 71.75, 66.56, 69.48, 69.48, 66.56, 72.08, 66.88, 69.16, 68.18, 68.18, 66.56, 74.35, 67.21, 70.13, 74.68, 66.56, 71.1, 66.56]
[6.264320373535156, 6.272440433502197, 5.692208290100098, 5.583047389984131, 6.111583709716797, 5.811670303344727, 5.66437840461731, 5.627847671508789, 5.693670272827148, 5.67778468132019, 6.2763352394104, 5.747085094451904, 6.31200385093689, 6.150976657867432, 5.562147378921509, 5.6892616748809814, 6.3685691356658936, 6.138047933578491, 6.187465190887451, 5.661363124847412, 5.691224575042725, 5.803170680999756, 6.262911081314087, 6.202641010284424, 5.950768232345581, 6.3097755908966064]
[66.88, 70.78, 66.56, 69.16, 68.51, 72.73, 66.56, 66.88, 71.75, 66.56, 69.48, 69.48, 66.56, 72.08, 66.88, 69.16, 68.18, 68.18, 66.56, 74.35, 67.21, 70.13, 74.68, 66.56, 71.1, 66.56, 67.53]
[6.264320373535156, 6.272440433502197, 5.692208290100098, 5.583047389984131, 6.111583709716797, 5.811670303344727, 5.66437840461731, 5.627847671508789, 5.693670272827148, 5.67778468132019, 6.2763352394104, 5.747085094451904, 6.31200385093689, 6.150976657867432, 5.562147378921509, 5.6892616748809814, 6.3685691356658936, 6.138047933578491, 6.187465190887451, 5.661363124847412, 5.691224575042725, 5.803170680999756, 6.262911081314087, 6.202641010284424, 5.950768232345581, 6.3097755908966064, 6.289350271224976]
[66.88, 70.78, 66.56, 69.16, 68.51, 72.73, 66.56, 66.88, 71.75, 66.56, 69.48, 69.48, 66.56, 72.08, 66.88, 69.16, 68.18, 68.18, 66.56, 74.35, 67.21, 70.13, 74.68, 66.56, 71.1, 66.56, 67.53, 67.21]
[6.264320373535156, 6.272440433502197, 5.692208290100098, 5.583047389984131, 6.111583709716797, 5.811670303344727, 5.66437840461731, 5.627847671508789, 5.693670272827148, 5.67778468132019, 6.2763352394104, 5.747085094451904, 6.31200385093689, 6.150976657867432, 5.562147378921509, 5.6892616748809814, 6.3685691356658936, 6.138047933578491, 6.187465190887451, 5.661363124847412, 5.691224575042725, 5.803170680999756, 6.262911081314087, 6.202641010284424, 5.950768232345581, 6.3097755908966064, 6.289350271224976, 6.23870062828064]
[66.88, 70.78, 66.56, 69.16, 68.51, 72.73, 66.56, 66.88, 71.75, 66.56, 69.48, 69.48, 66.56, 72.08, 66.88, 69.16, 68.18, 68.18, 66.56, 74.35, 67.21, 70.13, 74.68, 66.56, 71.1, 66.56, 67.53, 67.21, 70.78]
[6.264320373535156, 6.272440433502197, 5.692208290100098, 5.583047389984131, 6.111583709716797, 5.811670303344727, 5.66437840461731, 5.627847671508789, 5.693670272827148, 5.67778468132019, 6.2763352394104, 5.747085094451904, 6.31200385093689, 6.150976657867432, 5.562147378921509, 5.6892616748809814, 6.3685691356658936, 6.138047933578491, 6.187465190887451, 5.661363124847412, 5.691224575042725, 5.803170680999756, 6.262911081314087, 6.202641010284424, 5.950768232345581, 6.3097755908966064, 6.289350271224976, 6.23870062828064, 5.8283092975616455]
[66.88, 70.78, 66.56, 69.16, 68.51, 72.73, 66.56, 66.88, 71.75, 66.56, 69.48, 69.48, 66.56, 72.08, 66.88, 69.16, 68.18, 68.18, 66.56, 74.35, 67.21, 70.13, 74.68, 66.56, 71.1, 66.56, 67.53, 67.21, 70.78, 66.56]
[6.264320373535156, 6.272440433502197, 5.692208290100098, 5.583047389984131, 6.111583709716797, 5.811670303344727, 5.66437840461731, 5.627847671508789, 5.693670272827148, 5.67778468132019, 6.2763352394104, 5.747085094451904, 6.31200385093689, 6.150976657867432, 5.562147378921509, 5.6892616748809814, 6.3685691356658936, 6.138047933578491, 6.187465190887451, 5.661363124847412, 5.691224575042725, 5.803170680999756, 6.262911081314087, 6.202641010284424, 5.950768232345581, 6.3097755908966064, 6.289350271224976, 6.23870062828064, 5.8283092975616455, 5.775413990020752]
Mean Accuracy 68.85333333333334
Mean Time 5.961482405662537
Loading file :  Liver_disorder.csv
