Loading file :  bc.csv
[92.11]
[6.597549915313721]
[92.11, 92.98]
[6.597549915313721, 6.1396803855896]
[92.11, 92.98, 91.23]
[6.597549915313721, 6.1396803855896, 5.708163261413574]
[92.11, 92.98, 91.23, 94.3]
[6.597549915313721, 6.1396803855896, 5.708163261413574, 6.078755617141724]
[92.11, 92.98, 91.23, 94.3, 92.11]
[6.597549915313721, 6.1396803855896, 5.708163261413574, 6.078755617141724, 5.975459814071655]
[92.11, 92.98, 91.23, 94.3, 92.11, 89.47]
[6.597549915313721, 6.1396803855896, 5.708163261413574, 6.078755617141724, 5.975459814071655, 6.066411018371582]
[92.11, 92.98, 91.23, 94.3, 92.11, 89.47, 92.54]
[6.597549915313721, 6.1396803855896, 5.708163261413574, 6.078755617141724, 5.975459814071655, 6.066411018371582, 5.72954797744751]
[92.11, 92.98, 91.23, 94.3, 92.11, 89.47, 92.54, 90.35]
[6.597549915313721, 6.1396803855896, 5.708163261413574, 6.078755617141724, 5.975459814071655, 6.066411018371582, 5.72954797744751, 6.0464186668396]
[92.11, 92.98, 91.23, 94.3, 92.11, 89.47, 92.54, 90.35, 88.16]
[6.597549915313721, 6.1396803855896, 5.708163261413574, 6.078755617141724, 5.975459814071655, 6.066411018371582, 5.72954797744751, 6.0464186668396, 5.491798162460327]
[92.11, 92.98, 91.23, 94.3, 92.11, 89.47, 92.54, 90.35, 88.16, 95.18]
[6.597549915313721, 6.1396803855896, 5.708163261413574, 6.078755617141724, 5.975459814071655, 6.066411018371582, 5.72954797744751, 6.0464186668396, 5.491798162460327, 5.895407438278198]
[92.11, 92.98, 91.23, 94.3, 92.11, 89.47, 92.54, 90.35, 88.16, 95.18, 90.79]
[6.597549915313721, 6.1396803855896, 5.708163261413574, 6.078755617141724, 5.975459814071655, 6.066411018371582, 5.72954797744751, 6.0464186668396, 5.491798162460327, 5.895407438278198, 5.424132585525513]
[92.11, 92.98, 91.23, 94.3, 92.11, 89.47, 92.54, 90.35, 88.16, 95.18, 90.79, 92.54]
[6.597549915313721, 6.1396803855896, 5.708163261413574, 6.078755617141724, 5.975459814071655, 6.066411018371582, 5.72954797744751, 6.0464186668396, 5.491798162460327, 5.895407438278198, 5.424132585525513, 5.977658987045288]
[92.11, 92.98, 91.23, 94.3, 92.11, 89.47, 92.54, 90.35, 88.16, 95.18, 90.79, 92.54, 94.74]
[6.597549915313721, 6.1396803855896, 5.708163261413574, 6.078755617141724, 5.975459814071655, 6.066411018371582, 5.72954797744751, 6.0464186668396, 5.491798162460327, 5.895407438278198, 5.424132585525513, 5.977658987045288, 6.255779027938843]
[92.11, 92.98, 91.23, 94.3, 92.11, 89.47, 92.54, 90.35, 88.16, 95.18, 90.79, 92.54, 94.74, 91.67]
[6.597549915313721, 6.1396803855896, 5.708163261413574, 6.078755617141724, 5.975459814071655, 6.066411018371582, 5.72954797744751, 6.0464186668396, 5.491798162460327, 5.895407438278198, 5.424132585525513, 5.977658987045288, 6.255779027938843, 5.754107236862183]
[92.11, 92.98, 91.23, 94.3, 92.11, 89.47, 92.54, 90.35, 88.16, 95.18, 90.79, 92.54, 94.74, 91.67, 90.35]
[6.597549915313721, 6.1396803855896, 5.708163261413574, 6.078755617141724, 5.975459814071655, 6.066411018371582, 5.72954797744751, 6.0464186668396, 5.491798162460327, 5.895407438278198, 5.424132585525513, 5.977658987045288, 6.255779027938843, 5.754107236862183, 6.023500204086304]
[92.11, 92.98, 91.23, 94.3, 92.11, 89.47, 92.54, 90.35, 88.16, 95.18, 90.79, 92.54, 94.74, 91.67, 90.35, 90.35]
[6.597549915313721, 6.1396803855896, 5.708163261413574, 6.078755617141724, 5.975459814071655, 6.066411018371582, 5.72954797744751, 6.0464186668396, 5.491798162460327, 5.895407438278198, 5.424132585525513, 5.977658987045288, 6.255779027938843, 5.754107236862183, 6.023500204086304, 5.765313386917114]
[92.11, 92.98, 91.23, 94.3, 92.11, 89.47, 92.54, 90.35, 88.16, 95.18, 90.79, 92.54, 94.74, 91.67, 90.35, 90.35, 95.18]
[6.597549915313721, 6.1396803855896, 5.708163261413574, 6.078755617141724, 5.975459814071655, 6.066411018371582, 5.72954797744751, 6.0464186668396, 5.491798162460327, 5.895407438278198, 5.424132585525513, 5.977658987045288, 6.255779027938843, 5.754107236862183, 6.023500204086304, 5.765313386917114, 5.728583335876465]
[92.11, 92.98, 91.23, 94.3, 92.11, 89.47, 92.54, 90.35, 88.16, 95.18, 90.79, 92.54, 94.74, 91.67, 90.35, 90.35, 95.18, 91.67]
[6.597549915313721, 6.1396803855896, 5.708163261413574, 6.078755617141724, 5.975459814071655, 6.066411018371582, 5.72954797744751, 6.0464186668396, 5.491798162460327, 5.895407438278198, 5.424132585525513, 5.977658987045288, 6.255779027938843, 5.754107236862183, 6.023500204086304, 5.765313386917114, 5.728583335876465, 5.645111560821533]
[92.11, 92.98, 91.23, 94.3, 92.11, 89.47, 92.54, 90.35, 88.16, 95.18, 90.79, 92.54, 94.74, 91.67, 90.35, 90.35, 95.18, 91.67, 89.04]
[6.597549915313721, 6.1396803855896, 5.708163261413574, 6.078755617141724, 5.975459814071655, 6.066411018371582, 5.72954797744751, 6.0464186668396, 5.491798162460327, 5.895407438278198, 5.424132585525513, 5.977658987045288, 6.255779027938843, 5.754107236862183, 6.023500204086304, 5.765313386917114, 5.728583335876465, 5.645111560821533, 5.716069936752319]
[92.11, 92.98, 91.23, 94.3, 92.11, 89.47, 92.54, 90.35, 88.16, 95.18, 90.79, 92.54, 94.74, 91.67, 90.35, 90.35, 95.18, 91.67, 89.04, 92.98]
[6.597549915313721, 6.1396803855896, 5.708163261413574, 6.078755617141724, 5.975459814071655, 6.066411018371582, 5.72954797744751, 6.0464186668396, 5.491798162460327, 5.895407438278198, 5.424132585525513, 5.977658987045288, 6.255779027938843, 5.754107236862183, 6.023500204086304, 5.765313386917114, 5.728583335876465, 5.645111560821533, 5.716069936752319, 5.72413444519043]
[92.11, 92.98, 91.23, 94.3, 92.11, 89.47, 92.54, 90.35, 88.16, 95.18, 90.79, 92.54, 94.74, 91.67, 90.35, 90.35, 95.18, 91.67, 89.04, 92.98, 89.47]
[6.597549915313721, 6.1396803855896, 5.708163261413574, 6.078755617141724, 5.975459814071655, 6.066411018371582, 5.72954797744751, 6.0464186668396, 5.491798162460327, 5.895407438278198, 5.424132585525513, 5.977658987045288, 6.255779027938843, 5.754107236862183, 6.023500204086304, 5.765313386917114, 5.728583335876465, 5.645111560821533, 5.716069936752319, 5.72413444519043, 5.834931135177612]
[92.11, 92.98, 91.23, 94.3, 92.11, 89.47, 92.54, 90.35, 88.16, 95.18, 90.79, 92.54, 94.74, 91.67, 90.35, 90.35, 95.18, 91.67, 89.04, 92.98, 89.47, 91.67]
[6.597549915313721, 6.1396803855896, 5.708163261413574, 6.078755617141724, 5.975459814071655, 6.066411018371582, 5.72954797744751, 6.0464186668396, 5.491798162460327, 5.895407438278198, 5.424132585525513, 5.977658987045288, 6.255779027938843, 5.754107236862183, 6.023500204086304, 5.765313386917114, 5.728583335876465, 5.645111560821533, 5.716069936752319, 5.72413444519043, 5.834931135177612, 5.80363130569458]
[92.11, 92.98, 91.23, 94.3, 92.11, 89.47, 92.54, 90.35, 88.16, 95.18, 90.79, 92.54, 94.74, 91.67, 90.35, 90.35, 95.18, 91.67, 89.04, 92.98, 89.47, 91.67, 92.98]
[6.597549915313721, 6.1396803855896, 5.708163261413574, 6.078755617141724, 5.975459814071655, 6.066411018371582, 5.72954797744751, 6.0464186668396, 5.491798162460327, 5.895407438278198, 5.424132585525513, 5.977658987045288, 6.255779027938843, 5.754107236862183, 6.023500204086304, 5.765313386917114, 5.728583335876465, 5.645111560821533, 5.716069936752319, 5.72413444519043, 5.834931135177612, 5.80363130569458, 5.323638916015625]
[92.11, 92.98, 91.23, 94.3, 92.11, 89.47, 92.54, 90.35, 88.16, 95.18, 90.79, 92.54, 94.74, 91.67, 90.35, 90.35, 95.18, 91.67, 89.04, 92.98, 89.47, 91.67, 92.98, 89.47]
[6.597549915313721, 6.1396803855896, 5.708163261413574, 6.078755617141724, 5.975459814071655, 6.066411018371582, 5.72954797744751, 6.0464186668396, 5.491798162460327, 5.895407438278198, 5.424132585525513, 5.977658987045288, 6.255779027938843, 5.754107236862183, 6.023500204086304, 5.765313386917114, 5.728583335876465, 5.645111560821533, 5.716069936752319, 5.72413444519043, 5.834931135177612, 5.80363130569458, 5.323638916015625, 5.524017810821533]
[92.11, 92.98, 91.23, 94.3, 92.11, 89.47, 92.54, 90.35, 88.16, 95.18, 90.79, 92.54, 94.74, 91.67, 90.35, 90.35, 95.18, 91.67, 89.04, 92.98, 89.47, 91.67, 92.98, 89.47, 94.3]
[6.597549915313721, 6.1396803855896, 5.708163261413574, 6.078755617141724, 5.975459814071655, 6.066411018371582, 5.72954797744751, 6.0464186668396, 5.491798162460327, 5.895407438278198, 5.424132585525513, 5.977658987045288, 6.255779027938843, 5.754107236862183, 6.023500204086304, 5.765313386917114, 5.728583335876465, 5.645111560821533, 5.716069936752319, 5.72413444519043, 5.834931135177612, 5.80363130569458, 5.323638916015625, 5.524017810821533, 5.8659563064575195]
[92.11, 92.98, 91.23, 94.3, 92.11, 89.47, 92.54, 90.35, 88.16, 95.18, 90.79, 92.54, 94.74, 91.67, 90.35, 90.35, 95.18, 91.67, 89.04, 92.98, 89.47, 91.67, 92.98, 89.47, 94.3, 92.98]
[6.597549915313721, 6.1396803855896, 5.708163261413574, 6.078755617141724, 5.975459814071655, 6.066411018371582, 5.72954797744751, 6.0464186668396, 5.491798162460327, 5.895407438278198, 5.424132585525513, 5.977658987045288, 6.255779027938843, 5.754107236862183, 6.023500204086304, 5.765313386917114, 5.728583335876465, 5.645111560821533, 5.716069936752319, 5.72413444519043, 5.834931135177612, 5.80363130569458, 5.323638916015625, 5.524017810821533, 5.8659563064575195, 5.941911458969116]
[92.11, 92.98, 91.23, 94.3, 92.11, 89.47, 92.54, 90.35, 88.16, 95.18, 90.79, 92.54, 94.74, 91.67, 90.35, 90.35, 95.18, 91.67, 89.04, 92.98, 89.47, 91.67, 92.98, 89.47, 94.3, 92.98, 92.11]
[6.597549915313721, 6.1396803855896, 5.708163261413574, 6.078755617141724, 5.975459814071655, 6.066411018371582, 5.72954797744751, 6.0464186668396, 5.491798162460327, 5.895407438278198, 5.424132585525513, 5.977658987045288, 6.255779027938843, 5.754107236862183, 6.023500204086304, 5.765313386917114, 5.728583335876465, 5.645111560821533, 5.716069936752319, 5.72413444519043, 5.834931135177612, 5.80363130569458, 5.323638916015625, 5.524017810821533, 5.8659563064575195, 5.941911458969116, 5.765376567840576]
[92.11, 92.98, 91.23, 94.3, 92.11, 89.47, 92.54, 90.35, 88.16, 95.18, 90.79, 92.54, 94.74, 91.67, 90.35, 90.35, 95.18, 91.67, 89.04, 92.98, 89.47, 91.67, 92.98, 89.47, 94.3, 92.98, 92.11, 92.11]
[6.597549915313721, 6.1396803855896, 5.708163261413574, 6.078755617141724, 5.975459814071655, 6.066411018371582, 5.72954797744751, 6.0464186668396, 5.491798162460327, 5.895407438278198, 5.424132585525513, 5.977658987045288, 6.255779027938843, 5.754107236862183, 6.023500204086304, 5.765313386917114, 5.728583335876465, 5.645111560821533, 5.716069936752319, 5.72413444519043, 5.834931135177612, 5.80363130569458, 5.323638916015625, 5.524017810821533, 5.8659563064575195, 5.941911458969116, 5.765376567840576, 5.979227304458618]
[92.11, 92.98, 91.23, 94.3, 92.11, 89.47, 92.54, 90.35, 88.16, 95.18, 90.79, 92.54, 94.74, 91.67, 90.35, 90.35, 95.18, 91.67, 89.04, 92.98, 89.47, 91.67, 92.98, 89.47, 94.3, 92.98, 92.11, 92.11, 96.05]
[6.597549915313721, 6.1396803855896, 5.708163261413574, 6.078755617141724, 5.975459814071655, 6.066411018371582, 5.72954797744751, 6.0464186668396, 5.491798162460327, 5.895407438278198, 5.424132585525513, 5.977658987045288, 6.255779027938843, 5.754107236862183, 6.023500204086304, 5.765313386917114, 5.728583335876465, 5.645111560821533, 5.716069936752319, 5.72413444519043, 5.834931135177612, 5.80363130569458, 5.323638916015625, 5.524017810821533, 5.8659563064575195, 5.941911458969116, 5.765376567840576, 5.979227304458618, 5.933190822601318]
[92.11, 92.98, 91.23, 94.3, 92.11, 89.47, 92.54, 90.35, 88.16, 95.18, 90.79, 92.54, 94.74, 91.67, 90.35, 90.35, 95.18, 91.67, 89.04, 92.98, 89.47, 91.67, 92.98, 89.47, 94.3, 92.98, 92.11, 92.11, 96.05, 92.11]
[6.597549915313721, 6.1396803855896, 5.708163261413574, 6.078755617141724, 5.975459814071655, 6.066411018371582, 5.72954797744751, 6.0464186668396, 5.491798162460327, 5.895407438278198, 5.424132585525513, 5.977658987045288, 6.255779027938843, 5.754107236862183, 6.023500204086304, 5.765313386917114, 5.728583335876465, 5.645111560821533, 5.716069936752319, 5.72413444519043, 5.834931135177612, 5.80363130569458, 5.323638916015625, 5.524017810821533, 5.8659563064575195, 5.941911458969116, 5.765376567840576, 5.979227304458618, 5.933190822601318, 5.337849855422974]
Mean Accuracy 92.033
Mean Time 5.835110481580099
Loading file :  cardio_train.csv
[56.2]
[6.147846937179565]
[56.2, 60.7]
[6.147846937179565, 6.4373779296875]
[56.2, 60.7, 56.42]
[6.147846937179565, 6.4373779296875, 6.555661678314209]
[56.2, 60.7, 56.42, 53.95]
[6.147846937179565, 6.4373779296875, 6.555661678314209, 6.1047163009643555]
[56.2, 60.7, 56.42, 53.95, 58.86]
[6.147846937179565, 6.4373779296875, 6.555661678314209, 6.1047163009643555, 6.262942552566528]
[56.2, 60.7, 56.42, 53.95, 58.86, 58.42]
[6.147846937179565, 6.4373779296875, 6.555661678314209, 6.1047163009643555, 6.262942552566528, 6.311688661575317]
[56.2, 60.7, 56.42, 53.95, 58.86, 58.42, 60.52]
[6.147846937179565, 6.4373779296875, 6.555661678314209, 6.1047163009643555, 6.262942552566528, 6.311688661575317, 6.104217767715454]
[56.2, 60.7, 56.42, 53.95, 58.86, 58.42, 60.52, 53.54]
[6.147846937179565, 6.4373779296875, 6.555661678314209, 6.1047163009643555, 6.262942552566528, 6.311688661575317, 6.104217767715454, 6.241455078125]
[56.2, 60.7, 56.42, 53.95, 58.86, 58.42, 60.52, 53.54, 60.94]
[6.147846937179565, 6.4373779296875, 6.555661678314209, 6.1047163009643555, 6.262942552566528, 6.311688661575317, 6.104217767715454, 6.241455078125, 6.2352564334869385]
[56.2, 60.7, 56.42, 53.95, 58.86, 58.42, 60.52, 53.54, 60.94, 54.66]
[6.147846937179565, 6.4373779296875, 6.555661678314209, 6.1047163009643555, 6.262942552566528, 6.311688661575317, 6.104217767715454, 6.241455078125, 6.2352564334869385, 6.290795564651489]
[56.2, 60.7, 56.42, 53.95, 58.86, 58.42, 60.52, 53.54, 60.94, 54.66, 60.97]
[6.147846937179565, 6.4373779296875, 6.555661678314209, 6.1047163009643555, 6.262942552566528, 6.311688661575317, 6.104217767715454, 6.241455078125, 6.2352564334869385, 6.290795564651489, 6.394745826721191]
[56.2, 60.7, 56.42, 53.95, 58.86, 58.42, 60.52, 53.54, 60.94, 54.66, 60.97, 60.8]
[6.147846937179565, 6.4373779296875, 6.555661678314209, 6.1047163009643555, 6.262942552566528, 6.311688661575317, 6.104217767715454, 6.241455078125, 6.2352564334869385, 6.290795564651489, 6.394745826721191, 6.241207838058472]
[56.2, 60.7, 56.42, 53.95, 58.86, 58.42, 60.52, 53.54, 60.94, 54.66, 60.97, 60.8, 58.34]
[6.147846937179565, 6.4373779296875, 6.555661678314209, 6.1047163009643555, 6.262942552566528, 6.311688661575317, 6.104217767715454, 6.241455078125, 6.2352564334869385, 6.290795564651489, 6.394745826721191, 6.241207838058472, 6.4249842166900635]
[56.2, 60.7, 56.42, 53.95, 58.86, 58.42, 60.52, 53.54, 60.94, 54.66, 60.97, 60.8, 58.34, 50.83]
[6.147846937179565, 6.4373779296875, 6.555661678314209, 6.1047163009643555, 6.262942552566528, 6.311688661575317, 6.104217767715454, 6.241455078125, 6.2352564334869385, 6.290795564651489, 6.394745826721191, 6.241207838058472, 6.4249842166900635, 6.387686252593994]
[56.2, 60.7, 56.42, 53.95, 58.86, 58.42, 60.52, 53.54, 60.94, 54.66, 60.97, 60.8, 58.34, 50.83, 56.81]
[6.147846937179565, 6.4373779296875, 6.555661678314209, 6.1047163009643555, 6.262942552566528, 6.311688661575317, 6.104217767715454, 6.241455078125, 6.2352564334869385, 6.290795564651489, 6.394745826721191, 6.241207838058472, 6.4249842166900635, 6.387686252593994, 6.468567848205566]
[56.2, 60.7, 56.42, 53.95, 58.86, 58.42, 60.52, 53.54, 60.94, 54.66, 60.97, 60.8, 58.34, 50.83, 56.81, 58.86]
[6.147846937179565, 6.4373779296875, 6.555661678314209, 6.1047163009643555, 6.262942552566528, 6.311688661575317, 6.104217767715454, 6.241455078125, 6.2352564334869385, 6.290795564651489, 6.394745826721191, 6.241207838058472, 6.4249842166900635, 6.387686252593994, 6.468567848205566, 6.4188923835754395]
[56.2, 60.7, 56.42, 53.95, 58.86, 58.42, 60.52, 53.54, 60.94, 54.66, 60.97, 60.8, 58.34, 50.83, 56.81, 58.86, 61.88]
[6.147846937179565, 6.4373779296875, 6.555661678314209, 6.1047163009643555, 6.262942552566528, 6.311688661575317, 6.104217767715454, 6.241455078125, 6.2352564334869385, 6.290795564651489, 6.394745826721191, 6.241207838058472, 6.4249842166900635, 6.387686252593994, 6.468567848205566, 6.4188923835754395, 6.406688690185547]
[56.2, 60.7, 56.42, 53.95, 58.86, 58.42, 60.52, 53.54, 60.94, 54.66, 60.97, 60.8, 58.34, 50.83, 56.81, 58.86, 61.88, 57.2]
[6.147846937179565, 6.4373779296875, 6.555661678314209, 6.1047163009643555, 6.262942552566528, 6.311688661575317, 6.104217767715454, 6.241455078125, 6.2352564334869385, 6.290795564651489, 6.394745826721191, 6.241207838058472, 6.4249842166900635, 6.387686252593994, 6.468567848205566, 6.4188923835754395, 6.406688690185547, 6.233505964279175]
[56.2, 60.7, 56.42, 53.95, 58.86, 58.42, 60.52, 53.54, 60.94, 54.66, 60.97, 60.8, 58.34, 50.83, 56.81, 58.86, 61.88, 57.2, 61.49]
[6.147846937179565, 6.4373779296875, 6.555661678314209, 6.1047163009643555, 6.262942552566528, 6.311688661575317, 6.104217767715454, 6.241455078125, 6.2352564334869385, 6.290795564651489, 6.394745826721191, 6.241207838058472, 6.4249842166900635, 6.387686252593994, 6.468567848205566, 6.4188923835754395, 6.406688690185547, 6.233505964279175, 6.625640869140625]
[56.2, 60.7, 56.42, 53.95, 58.86, 58.42, 60.52, 53.54, 60.94, 54.66, 60.97, 60.8, 58.34, 50.83, 56.81, 58.86, 61.88, 57.2, 61.49, 55.13]
[6.147846937179565, 6.4373779296875, 6.555661678314209, 6.1047163009643555, 6.262942552566528, 6.311688661575317, 6.104217767715454, 6.241455078125, 6.2352564334869385, 6.290795564651489, 6.394745826721191, 6.241207838058472, 6.4249842166900635, 6.387686252593994, 6.468567848205566, 6.4188923835754395, 6.406688690185547, 6.233505964279175, 6.625640869140625, 6.9041924476623535]
[56.2, 60.7, 56.42, 53.95, 58.86, 58.42, 60.52, 53.54, 60.94, 54.66, 60.97, 60.8, 58.34, 50.83, 56.81, 58.86, 61.88, 57.2, 61.49, 55.13, 61.38]
[6.147846937179565, 6.4373779296875, 6.555661678314209, 6.1047163009643555, 6.262942552566528, 6.311688661575317, 6.104217767715454, 6.241455078125, 6.2352564334869385, 6.290795564651489, 6.394745826721191, 6.241207838058472, 6.4249842166900635, 6.387686252593994, 6.468567848205566, 6.4188923835754395, 6.406688690185547, 6.233505964279175, 6.625640869140625, 6.9041924476623535, 6.571471929550171]
[56.2, 60.7, 56.42, 53.95, 58.86, 58.42, 60.52, 53.54, 60.94, 54.66, 60.97, 60.8, 58.34, 50.83, 56.81, 58.86, 61.88, 57.2, 61.49, 55.13, 61.38, 50.09]
[6.147846937179565, 6.4373779296875, 6.555661678314209, 6.1047163009643555, 6.262942552566528, 6.311688661575317, 6.104217767715454, 6.241455078125, 6.2352564334869385, 6.290795564651489, 6.394745826721191, 6.241207838058472, 6.4249842166900635, 6.387686252593994, 6.468567848205566, 6.4188923835754395, 6.406688690185547, 6.233505964279175, 6.625640869140625, 6.9041924476623535, 6.571471929550171, 6.254124402999878]
[56.2, 60.7, 56.42, 53.95, 58.86, 58.42, 60.52, 53.54, 60.94, 54.66, 60.97, 60.8, 58.34, 50.83, 56.81, 58.86, 61.88, 57.2, 61.49, 55.13, 61.38, 50.09, 60.31]
[6.147846937179565, 6.4373779296875, 6.555661678314209, 6.1047163009643555, 6.262942552566528, 6.311688661575317, 6.104217767715454, 6.241455078125, 6.2352564334869385, 6.290795564651489, 6.394745826721191, 6.241207838058472, 6.4249842166900635, 6.387686252593994, 6.468567848205566, 6.4188923835754395, 6.406688690185547, 6.233505964279175, 6.625640869140625, 6.9041924476623535, 6.571471929550171, 6.254124402999878, 6.276874780654907]
[56.2, 60.7, 56.42, 53.95, 58.86, 58.42, 60.52, 53.54, 60.94, 54.66, 60.97, 60.8, 58.34, 50.83, 56.81, 58.86, 61.88, 57.2, 61.49, 55.13, 61.38, 50.09, 60.31, 61.9]
[6.147846937179565, 6.4373779296875, 6.555661678314209, 6.1047163009643555, 6.262942552566528, 6.311688661575317, 6.104217767715454, 6.241455078125, 6.2352564334869385, 6.290795564651489, 6.394745826721191, 6.241207838058472, 6.4249842166900635, 6.387686252593994, 6.468567848205566, 6.4188923835754395, 6.406688690185547, 6.233505964279175, 6.625640869140625, 6.9041924476623535, 6.571471929550171, 6.254124402999878, 6.276874780654907, 6.1746509075164795]
[56.2, 60.7, 56.42, 53.95, 58.86, 58.42, 60.52, 53.54, 60.94, 54.66, 60.97, 60.8, 58.34, 50.83, 56.81, 58.86, 61.88, 57.2, 61.49, 55.13, 61.38, 50.09, 60.31, 61.9, 59.47]
[6.147846937179565, 6.4373779296875, 6.555661678314209, 6.1047163009643555, 6.262942552566528, 6.311688661575317, 6.104217767715454, 6.241455078125, 6.2352564334869385, 6.290795564651489, 6.394745826721191, 6.241207838058472, 6.4249842166900635, 6.387686252593994, 6.468567848205566, 6.4188923835754395, 6.406688690185547, 6.233505964279175, 6.625640869140625, 6.9041924476623535, 6.571471929550171, 6.254124402999878, 6.276874780654907, 6.1746509075164795, 7.186095237731934]
[56.2, 60.7, 56.42, 53.95, 58.86, 58.42, 60.52, 53.54, 60.94, 54.66, 60.97, 60.8, 58.34, 50.83, 56.81, 58.86, 61.88, 57.2, 61.49, 55.13, 61.38, 50.09, 60.31, 61.9, 59.47, 60.35]
[6.147846937179565, 6.4373779296875, 6.555661678314209, 6.1047163009643555, 6.262942552566528, 6.311688661575317, 6.104217767715454, 6.241455078125, 6.2352564334869385, 6.290795564651489, 6.394745826721191, 6.241207838058472, 6.4249842166900635, 6.387686252593994, 6.468567848205566, 6.4188923835754395, 6.406688690185547, 6.233505964279175, 6.625640869140625, 6.9041924476623535, 6.571471929550171, 6.254124402999878, 6.276874780654907, 6.1746509075164795, 7.186095237731934, 6.325927257537842]
[56.2, 60.7, 56.42, 53.95, 58.86, 58.42, 60.52, 53.54, 60.94, 54.66, 60.97, 60.8, 58.34, 50.83, 56.81, 58.86, 61.88, 57.2, 61.49, 55.13, 61.38, 50.09, 60.31, 61.9, 59.47, 60.35, 57.32]
[6.147846937179565, 6.4373779296875, 6.555661678314209, 6.1047163009643555, 6.262942552566528, 6.311688661575317, 6.104217767715454, 6.241455078125, 6.2352564334869385, 6.290795564651489, 6.394745826721191, 6.241207838058472, 6.4249842166900635, 6.387686252593994, 6.468567848205566, 6.4188923835754395, 6.406688690185547, 6.233505964279175, 6.625640869140625, 6.9041924476623535, 6.571471929550171, 6.254124402999878, 6.276874780654907, 6.1746509075164795, 7.186095237731934, 6.325927257537842, 6.313010215759277]
[56.2, 60.7, 56.42, 53.95, 58.86, 58.42, 60.52, 53.54, 60.94, 54.66, 60.97, 60.8, 58.34, 50.83, 56.81, 58.86, 61.88, 57.2, 61.49, 55.13, 61.38, 50.09, 60.31, 61.9, 59.47, 60.35, 57.32, 57.7]
[6.147846937179565, 6.4373779296875, 6.555661678314209, 6.1047163009643555, 6.262942552566528, 6.311688661575317, 6.104217767715454, 6.241455078125, 6.2352564334869385, 6.290795564651489, 6.394745826721191, 6.241207838058472, 6.4249842166900635, 6.387686252593994, 6.468567848205566, 6.4188923835754395, 6.406688690185547, 6.233505964279175, 6.625640869140625, 6.9041924476623535, 6.571471929550171, 6.254124402999878, 6.276874780654907, 6.1746509075164795, 7.186095237731934, 6.325927257537842, 6.313010215759277, 6.569385766983032]
[56.2, 60.7, 56.42, 53.95, 58.86, 58.42, 60.52, 53.54, 60.94, 54.66, 60.97, 60.8, 58.34, 50.83, 56.81, 58.86, 61.88, 57.2, 61.49, 55.13, 61.38, 50.09, 60.31, 61.9, 59.47, 60.35, 57.32, 57.7, 61.08]
[6.147846937179565, 6.4373779296875, 6.555661678314209, 6.1047163009643555, 6.262942552566528, 6.311688661575317, 6.104217767715454, 6.241455078125, 6.2352564334869385, 6.290795564651489, 6.394745826721191, 6.241207838058472, 6.4249842166900635, 6.387686252593994, 6.468567848205566, 6.4188923835754395, 6.406688690185547, 6.233505964279175, 6.625640869140625, 6.9041924476623535, 6.571471929550171, 6.254124402999878, 6.276874780654907, 6.1746509075164795, 7.186095237731934, 6.325927257537842, 6.313010215759277, 6.569385766983032, 6.364190340042114]
[56.2, 60.7, 56.42, 53.95, 58.86, 58.42, 60.52, 53.54, 60.94, 54.66, 60.97, 60.8, 58.34, 50.83, 56.81, 58.86, 61.88, 57.2, 61.49, 55.13, 61.38, 50.09, 60.31, 61.9, 59.47, 60.35, 57.32, 57.7, 61.08, 61.74]
[6.147846937179565, 6.4373779296875, 6.555661678314209, 6.1047163009643555, 6.262942552566528, 6.311688661575317, 6.104217767715454, 6.241455078125, 6.2352564334869385, 6.290795564651489, 6.394745826721191, 6.241207838058472, 6.4249842166900635, 6.387686252593994, 6.468567848205566, 6.4188923835754395, 6.406688690185547, 6.233505964279175, 6.625640869140625, 6.9041924476623535, 6.571471929550171, 6.254124402999878, 6.276874780654907, 6.1746509075164795, 7.186095237731934, 6.325927257537842, 6.313010215759277, 6.569385766983032, 6.364190340042114, 6.654800891876221]
Mean Accuracy 58.262
Mean Time 6.396286765734355
Loading file :  diabetes.csv
[73.38]
[5.580524682998657]
[73.38, 71.1]
[5.580524682998657, 5.810523271560669]
[73.38, 71.1, 75.0]
[5.580524682998657, 5.810523271560669, 5.888829231262207]
[73.38, 71.1, 75.0, 69.16]
[5.580524682998657, 5.810523271560669, 5.888829231262207, 5.883777379989624]
[73.38, 71.1, 75.0, 69.16, 72.4]
[5.580524682998657, 5.810523271560669, 5.888829231262207, 5.883777379989624, 5.547663450241089]
[73.38, 71.1, 75.0, 69.16, 72.4, 73.05]
[5.580524682998657, 5.810523271560669, 5.888829231262207, 5.883777379989624, 5.547663450241089, 5.644506454467773]
[73.38, 71.1, 75.0, 69.16, 72.4, 73.05, 74.68]
[5.580524682998657, 5.810523271560669, 5.888829231262207, 5.883777379989624, 5.547663450241089, 5.644506454467773, 5.8584911823272705]
[73.38, 71.1, 75.0, 69.16, 72.4, 73.05, 74.68, 74.35]
[5.580524682998657, 5.810523271560669, 5.888829231262207, 5.883777379989624, 5.547663450241089, 5.644506454467773, 5.8584911823272705, 6.061209440231323]
[73.38, 71.1, 75.0, 69.16, 72.4, 73.05, 74.68, 74.35, 66.23]
[5.580524682998657, 5.810523271560669, 5.888829231262207, 5.883777379989624, 5.547663450241089, 5.644506454467773, 5.8584911823272705, 6.061209440231323, 6.006056070327759]
[73.38, 71.1, 75.0, 69.16, 72.4, 73.05, 74.68, 74.35, 66.23, 66.56]
[5.580524682998657, 5.810523271560669, 5.888829231262207, 5.883777379989624, 5.547663450241089, 5.644506454467773, 5.8584911823272705, 6.061209440231323, 6.006056070327759, 5.408957004547119]
[73.38, 71.1, 75.0, 69.16, 72.4, 73.05, 74.68, 74.35, 66.23, 66.56, 66.56]
[5.580524682998657, 5.810523271560669, 5.888829231262207, 5.883777379989624, 5.547663450241089, 5.644506454467773, 5.8584911823272705, 6.061209440231323, 6.006056070327759, 5.408957004547119, 6.240550518035889]
[73.38, 71.1, 75.0, 69.16, 72.4, 73.05, 74.68, 74.35, 66.23, 66.56, 66.56, 66.56]
[5.580524682998657, 5.810523271560669, 5.888829231262207, 5.883777379989624, 5.547663450241089, 5.644506454467773, 5.8584911823272705, 6.061209440231323, 6.006056070327759, 5.408957004547119, 6.240550518035889, 5.559091091156006]
[73.38, 71.1, 75.0, 69.16, 72.4, 73.05, 74.68, 74.35, 66.23, 66.56, 66.56, 66.56, 73.38]
[5.580524682998657, 5.810523271560669, 5.888829231262207, 5.883777379989624, 5.547663450241089, 5.644506454467773, 5.8584911823272705, 6.061209440231323, 6.006056070327759, 5.408957004547119, 6.240550518035889, 5.559091091156006, 5.548097610473633]
[73.38, 71.1, 75.0, 69.16, 72.4, 73.05, 74.68, 74.35, 66.23, 66.56, 66.56, 66.56, 73.38, 71.75]
[5.580524682998657, 5.810523271560669, 5.888829231262207, 5.883777379989624, 5.547663450241089, 5.644506454467773, 5.8584911823272705, 6.061209440231323, 6.006056070327759, 5.408957004547119, 6.240550518035889, 5.559091091156006, 5.548097610473633, 6.034244060516357]
[73.38, 71.1, 75.0, 69.16, 72.4, 73.05, 74.68, 74.35, 66.23, 66.56, 66.56, 66.56, 73.38, 71.75, 66.88]
[5.580524682998657, 5.810523271560669, 5.888829231262207, 5.883777379989624, 5.547663450241089, 5.644506454467773, 5.8584911823272705, 6.061209440231323, 6.006056070327759, 5.408957004547119, 6.240550518035889, 5.559091091156006, 5.548097610473633, 6.034244060516357, 5.408463001251221]
[73.38, 71.1, 75.0, 69.16, 72.4, 73.05, 74.68, 74.35, 66.23, 66.56, 66.56, 66.56, 73.38, 71.75, 66.88, 73.38]
[5.580524682998657, 5.810523271560669, 5.888829231262207, 5.883777379989624, 5.547663450241089, 5.644506454467773, 5.8584911823272705, 6.061209440231323, 6.006056070327759, 5.408957004547119, 6.240550518035889, 5.559091091156006, 5.548097610473633, 6.034244060516357, 5.408463001251221, 5.482547998428345]
[73.38, 71.1, 75.0, 69.16, 72.4, 73.05, 74.68, 74.35, 66.23, 66.56, 66.56, 66.56, 73.38, 71.75, 66.88, 73.38, 69.48]
[5.580524682998657, 5.810523271560669, 5.888829231262207, 5.883777379989624, 5.547663450241089, 5.644506454467773, 5.8584911823272705, 6.061209440231323, 6.006056070327759, 5.408957004547119, 6.240550518035889, 5.559091091156006, 5.548097610473633, 6.034244060516357, 5.408463001251221, 5.482547998428345, 6.133742094039917]
[73.38, 71.1, 75.0, 69.16, 72.4, 73.05, 74.68, 74.35, 66.23, 66.56, 66.56, 66.56, 73.38, 71.75, 66.88, 73.38, 69.48, 72.73]
[5.580524682998657, 5.810523271560669, 5.888829231262207, 5.883777379989624, 5.547663450241089, 5.644506454467773, 5.8584911823272705, 6.061209440231323, 6.006056070327759, 5.408957004547119, 6.240550518035889, 5.559091091156006, 5.548097610473633, 6.034244060516357, 5.408463001251221, 5.482547998428345, 6.133742094039917, 5.69826865196228]
[73.38, 71.1, 75.0, 69.16, 72.4, 73.05, 74.68, 74.35, 66.23, 66.56, 66.56, 66.56, 73.38, 71.75, 66.88, 73.38, 69.48, 72.73, 72.73]
[5.580524682998657, 5.810523271560669, 5.888829231262207, 5.883777379989624, 5.547663450241089, 5.644506454467773, 5.8584911823272705, 6.061209440231323, 6.006056070327759, 5.408957004547119, 6.240550518035889, 5.559091091156006, 5.548097610473633, 6.034244060516357, 5.408463001251221, 5.482547998428345, 6.133742094039917, 5.69826865196228, 5.860156774520874]
[73.38, 71.1, 75.0, 69.16, 72.4, 73.05, 74.68, 74.35, 66.23, 66.56, 66.56, 66.56, 73.38, 71.75, 66.88, 73.38, 69.48, 72.73, 72.73, 74.35]
[5.580524682998657, 5.810523271560669, 5.888829231262207, 5.883777379989624, 5.547663450241089, 5.644506454467773, 5.8584911823272705, 6.061209440231323, 6.006056070327759, 5.408957004547119, 6.240550518035889, 5.559091091156006, 5.548097610473633, 6.034244060516357, 5.408463001251221, 5.482547998428345, 6.133742094039917, 5.69826865196228, 5.860156774520874, 5.524423599243164]
[73.38, 71.1, 75.0, 69.16, 72.4, 73.05, 74.68, 74.35, 66.23, 66.56, 66.56, 66.56, 73.38, 71.75, 66.88, 73.38, 69.48, 72.73, 72.73, 74.35, 73.7]
[5.580524682998657, 5.810523271560669, 5.888829231262207, 5.883777379989624, 5.547663450241089, 5.644506454467773, 5.8584911823272705, 6.061209440231323, 6.006056070327759, 5.408957004547119, 6.240550518035889, 5.559091091156006, 5.548097610473633, 6.034244060516357, 5.408463001251221, 5.482547998428345, 6.133742094039917, 5.69826865196228, 5.860156774520874, 5.524423599243164, 5.528451681137085]
[73.38, 71.1, 75.0, 69.16, 72.4, 73.05, 74.68, 74.35, 66.23, 66.56, 66.56, 66.56, 73.38, 71.75, 66.88, 73.38, 69.48, 72.73, 72.73, 74.35, 73.7, 72.4]
[5.580524682998657, 5.810523271560669, 5.888829231262207, 5.883777379989624, 5.547663450241089, 5.644506454467773, 5.8584911823272705, 6.061209440231323, 6.006056070327759, 5.408957004547119, 6.240550518035889, 5.559091091156006, 5.548097610473633, 6.034244060516357, 5.408463001251221, 5.482547998428345, 6.133742094039917, 5.69826865196228, 5.860156774520874, 5.524423599243164, 5.528451681137085, 5.80072283744812]
[73.38, 71.1, 75.0, 69.16, 72.4, 73.05, 74.68, 74.35, 66.23, 66.56, 66.56, 66.56, 73.38, 71.75, 66.88, 73.38, 69.48, 72.73, 72.73, 74.35, 73.7, 72.4, 52.92]
[5.580524682998657, 5.810523271560669, 5.888829231262207, 5.883777379989624, 5.547663450241089, 5.644506454467773, 5.8584911823272705, 6.061209440231323, 6.006056070327759, 5.408957004547119, 6.240550518035889, 5.559091091156006, 5.548097610473633, 6.034244060516357, 5.408463001251221, 5.482547998428345, 6.133742094039917, 5.69826865196228, 5.860156774520874, 5.524423599243164, 5.528451681137085, 5.80072283744812, 6.024167537689209]
[73.38, 71.1, 75.0, 69.16, 72.4, 73.05, 74.68, 74.35, 66.23, 66.56, 66.56, 66.56, 73.38, 71.75, 66.88, 73.38, 69.48, 72.73, 72.73, 74.35, 73.7, 72.4, 52.92, 72.4]
[5.580524682998657, 5.810523271560669, 5.888829231262207, 5.883777379989624, 5.547663450241089, 5.644506454467773, 5.8584911823272705, 6.061209440231323, 6.006056070327759, 5.408957004547119, 6.240550518035889, 5.559091091156006, 5.548097610473633, 6.034244060516357, 5.408463001251221, 5.482547998428345, 6.133742094039917, 5.69826865196228, 5.860156774520874, 5.524423599243164, 5.528451681137085, 5.80072283744812, 6.024167537689209, 5.371921062469482]
[73.38, 71.1, 75.0, 69.16, 72.4, 73.05, 74.68, 74.35, 66.23, 66.56, 66.56, 66.56, 73.38, 71.75, 66.88, 73.38, 69.48, 72.73, 72.73, 74.35, 73.7, 72.4, 52.92, 72.4, 71.75]
[5.580524682998657, 5.810523271560669, 5.888829231262207, 5.883777379989624, 5.547663450241089, 5.644506454467773, 5.8584911823272705, 6.061209440231323, 6.006056070327759, 5.408957004547119, 6.240550518035889, 5.559091091156006, 5.548097610473633, 6.034244060516357, 5.408463001251221, 5.482547998428345, 6.133742094039917, 5.69826865196228, 5.860156774520874, 5.524423599243164, 5.528451681137085, 5.80072283744812, 6.024167537689209, 5.371921062469482, 5.645812034606934]
[73.38, 71.1, 75.0, 69.16, 72.4, 73.05, 74.68, 74.35, 66.23, 66.56, 66.56, 66.56, 73.38, 71.75, 66.88, 73.38, 69.48, 72.73, 72.73, 74.35, 73.7, 72.4, 52.92, 72.4, 71.75, 68.18]
[5.580524682998657, 5.810523271560669, 5.888829231262207, 5.883777379989624, 5.547663450241089, 5.644506454467773, 5.8584911823272705, 6.061209440231323, 6.006056070327759, 5.408957004547119, 6.240550518035889, 5.559091091156006, 5.548097610473633, 6.034244060516357, 5.408463001251221, 5.482547998428345, 6.133742094039917, 5.69826865196228, 5.860156774520874, 5.524423599243164, 5.528451681137085, 5.80072283744812, 6.024167537689209, 5.371921062469482, 5.645812034606934, 5.436557054519653]
[73.38, 71.1, 75.0, 69.16, 72.4, 73.05, 74.68, 74.35, 66.23, 66.56, 66.56, 66.56, 73.38, 71.75, 66.88, 73.38, 69.48, 72.73, 72.73, 74.35, 73.7, 72.4, 52.92, 72.4, 71.75, 68.18, 73.7]
[5.580524682998657, 5.810523271560669, 5.888829231262207, 5.883777379989624, 5.547663450241089, 5.644506454467773, 5.8584911823272705, 6.061209440231323, 6.006056070327759, 5.408957004547119, 6.240550518035889, 5.559091091156006, 5.548097610473633, 6.034244060516357, 5.408463001251221, 5.482547998428345, 6.133742094039917, 5.69826865196228, 5.860156774520874, 5.524423599243164, 5.528451681137085, 5.80072283744812, 6.024167537689209, 5.371921062469482, 5.645812034606934, 5.436557054519653, 5.874880313873291]
[73.38, 71.1, 75.0, 69.16, 72.4, 73.05, 74.68, 74.35, 66.23, 66.56, 66.56, 66.56, 73.38, 71.75, 66.88, 73.38, 69.48, 72.73, 72.73, 74.35, 73.7, 72.4, 52.92, 72.4, 71.75, 68.18, 73.7, 66.56]
[5.580524682998657, 5.810523271560669, 5.888829231262207, 5.883777379989624, 5.547663450241089, 5.644506454467773, 5.8584911823272705, 6.061209440231323, 6.006056070327759, 5.408957004547119, 6.240550518035889, 5.559091091156006, 5.548097610473633, 6.034244060516357, 5.408463001251221, 5.482547998428345, 6.133742094039917, 5.69826865196228, 5.860156774520874, 5.524423599243164, 5.528451681137085, 5.80072283744812, 6.024167537689209, 5.371921062469482, 5.645812034606934, 5.436557054519653, 5.874880313873291, 5.792705535888672]
[73.38, 71.1, 75.0, 69.16, 72.4, 73.05, 74.68, 74.35, 66.23, 66.56, 66.56, 66.56, 73.38, 71.75, 66.88, 73.38, 69.48, 72.73, 72.73, 74.35, 73.7, 72.4, 52.92, 72.4, 71.75, 68.18, 73.7, 66.56, 70.45]
[5.580524682998657, 5.810523271560669, 5.888829231262207, 5.883777379989624, 5.547663450241089, 5.644506454467773, 5.8584911823272705, 6.061209440231323, 6.006056070327759, 5.408957004547119, 6.240550518035889, 5.559091091156006, 5.548097610473633, 6.034244060516357, 5.408463001251221, 5.482547998428345, 6.133742094039917, 5.69826865196228, 5.860156774520874, 5.524423599243164, 5.528451681137085, 5.80072283744812, 6.024167537689209, 5.371921062469482, 5.645812034606934, 5.436557054519653, 5.874880313873291, 5.792705535888672, 5.833023548126221]
[73.38, 71.1, 75.0, 69.16, 72.4, 73.05, 74.68, 74.35, 66.23, 66.56, 66.56, 66.56, 73.38, 71.75, 66.88, 73.38, 69.48, 72.73, 72.73, 74.35, 73.7, 72.4, 52.92, 72.4, 71.75, 68.18, 73.7, 66.56, 70.45, 74.03]
[5.580524682998657, 5.810523271560669, 5.888829231262207, 5.883777379989624, 5.547663450241089, 5.644506454467773, 5.8584911823272705, 6.061209440231323, 6.006056070327759, 5.408957004547119, 6.240550518035889, 5.559091091156006, 5.548097610473633, 6.034244060516357, 5.408463001251221, 5.482547998428345, 6.133742094039917, 5.69826865196228, 5.860156774520874, 5.524423599243164, 5.528451681137085, 5.80072283744812, 6.024167537689209, 5.371921062469482, 5.645812034606934, 5.436557054519653, 5.874880313873291, 5.792705535888672, 5.833023548126221, 5.785678148269653]
Mean Accuracy 70.66
Mean Time 5.742468110720316
Loading file :  Liver_disorder.csv
