Loading file :  bc.csv
[94.74]
[4.940699338912964]
[94.74, 92.54]
[4.940699338912964, 5.107022285461426]
[94.74, 92.54, 91.67]
[4.940699338912964, 5.107022285461426, 4.995877504348755]
[94.74, 92.54, 91.67, 92.54]
[4.940699338912964, 5.107022285461426, 4.995877504348755, 4.9952850341796875]
[94.74, 92.54, 91.67, 92.54, 92.11]
[4.940699338912964, 5.107022285461426, 4.995877504348755, 4.9952850341796875, 4.9087817668914795]
[94.74, 92.54, 91.67, 92.54, 92.11, 95.61]
[4.940699338912964, 5.107022285461426, 4.995877504348755, 4.9952850341796875, 4.9087817668914795, 4.919416904449463]
[94.74, 92.54, 91.67, 92.54, 92.11, 95.61, 90.79]
[4.940699338912964, 5.107022285461426, 4.995877504348755, 4.9952850341796875, 4.9087817668914795, 4.919416904449463, 5.013544797897339]
[94.74, 92.54, 91.67, 92.54, 92.11, 95.61, 90.79, 92.11]
[4.940699338912964, 5.107022285461426, 4.995877504348755, 4.9952850341796875, 4.9087817668914795, 4.919416904449463, 5.013544797897339, 5.101437330245972]
[94.74, 92.54, 91.67, 92.54, 92.11, 95.61, 90.79, 92.11, 94.74]
[4.940699338912964, 5.107022285461426, 4.995877504348755, 4.9952850341796875, 4.9087817668914795, 4.919416904449463, 5.013544797897339, 5.101437330245972, 4.899318218231201]
[94.74, 92.54, 91.67, 92.54, 92.11, 95.61, 90.79, 92.11, 94.74, 90.35]
[4.940699338912964, 5.107022285461426, 4.995877504348755, 4.9952850341796875, 4.9087817668914795, 4.919416904449463, 5.013544797897339, 5.101437330245972, 4.899318218231201, 5.052404403686523]
[94.74, 92.54, 91.67, 92.54, 92.11, 95.61, 90.79, 92.11, 94.74, 90.35, 92.98]
[4.940699338912964, 5.107022285461426, 4.995877504348755, 4.9952850341796875, 4.9087817668914795, 4.919416904449463, 5.013544797897339, 5.101437330245972, 4.899318218231201, 5.052404403686523, 5.113304138183594]
[94.74, 92.54, 91.67, 92.54, 92.11, 95.61, 90.79, 92.11, 94.74, 90.35, 92.98, 92.98]
[4.940699338912964, 5.107022285461426, 4.995877504348755, 4.9952850341796875, 4.9087817668914795, 4.919416904449463, 5.013544797897339, 5.101437330245972, 4.899318218231201, 5.052404403686523, 5.113304138183594, 5.032822370529175]
[94.74, 92.54, 91.67, 92.54, 92.11, 95.61, 90.79, 92.11, 94.74, 90.35, 92.98, 92.98, 91.67]
[4.940699338912964, 5.107022285461426, 4.995877504348755, 4.9952850341796875, 4.9087817668914795, 4.919416904449463, 5.013544797897339, 5.101437330245972, 4.899318218231201, 5.052404403686523, 5.113304138183594, 5.032822370529175, 5.009579658508301]
[94.74, 92.54, 91.67, 92.54, 92.11, 95.61, 90.79, 92.11, 94.74, 90.35, 92.98, 92.98, 91.67, 93.86]
[4.940699338912964, 5.107022285461426, 4.995877504348755, 4.9952850341796875, 4.9087817668914795, 4.919416904449463, 5.013544797897339, 5.101437330245972, 4.899318218231201, 5.052404403686523, 5.113304138183594, 5.032822370529175, 5.009579658508301, 4.8851213455200195]
[94.74, 92.54, 91.67, 92.54, 92.11, 95.61, 90.79, 92.11, 94.74, 90.35, 92.98, 92.98, 91.67, 93.86, 95.18]
[4.940699338912964, 5.107022285461426, 4.995877504348755, 4.9952850341796875, 4.9087817668914795, 4.919416904449463, 5.013544797897339, 5.101437330245972, 4.899318218231201, 5.052404403686523, 5.113304138183594, 5.032822370529175, 5.009579658508301, 4.8851213455200195, 5.194122314453125]
[94.74, 92.54, 91.67, 92.54, 92.11, 95.61, 90.79, 92.11, 94.74, 90.35, 92.98, 92.98, 91.67, 93.86, 95.18, 93.42]
[4.940699338912964, 5.107022285461426, 4.995877504348755, 4.9952850341796875, 4.9087817668914795, 4.919416904449463, 5.013544797897339, 5.101437330245972, 4.899318218231201, 5.052404403686523, 5.113304138183594, 5.032822370529175, 5.009579658508301, 4.8851213455200195, 5.194122314453125, 5.044191122055054]
[94.74, 92.54, 91.67, 92.54, 92.11, 95.61, 90.79, 92.11, 94.74, 90.35, 92.98, 92.98, 91.67, 93.86, 95.18, 93.42, 92.98]
[4.940699338912964, 5.107022285461426, 4.995877504348755, 4.9952850341796875, 4.9087817668914795, 4.919416904449463, 5.013544797897339, 5.101437330245972, 4.899318218231201, 5.052404403686523, 5.113304138183594, 5.032822370529175, 5.009579658508301, 4.8851213455200195, 5.194122314453125, 5.044191122055054, 5.107187986373901]
[94.74, 92.54, 91.67, 92.54, 92.11, 95.61, 90.79, 92.11, 94.74, 90.35, 92.98, 92.98, 91.67, 93.86, 95.18, 93.42, 92.98, 92.98]
[4.940699338912964, 5.107022285461426, 4.995877504348755, 4.9952850341796875, 4.9087817668914795, 4.919416904449463, 5.013544797897339, 5.101437330245972, 4.899318218231201, 5.052404403686523, 5.113304138183594, 5.032822370529175, 5.009579658508301, 4.8851213455200195, 5.194122314453125, 5.044191122055054, 5.107187986373901, 5.012878656387329]
[94.74, 92.54, 91.67, 92.54, 92.11, 95.61, 90.79, 92.11, 94.74, 90.35, 92.98, 92.98, 91.67, 93.86, 95.18, 93.42, 92.98, 92.98, 92.54]
[4.940699338912964, 5.107022285461426, 4.995877504348755, 4.9952850341796875, 4.9087817668914795, 4.919416904449463, 5.013544797897339, 5.101437330245972, 4.899318218231201, 5.052404403686523, 5.113304138183594, 5.032822370529175, 5.009579658508301, 4.8851213455200195, 5.194122314453125, 5.044191122055054, 5.107187986373901, 5.012878656387329, 5.076257228851318]
[94.74, 92.54, 91.67, 92.54, 92.11, 95.61, 90.79, 92.11, 94.74, 90.35, 92.98, 92.98, 91.67, 93.86, 95.18, 93.42, 92.98, 92.98, 92.54, 92.98]
[4.940699338912964, 5.107022285461426, 4.995877504348755, 4.9952850341796875, 4.9087817668914795, 4.919416904449463, 5.013544797897339, 5.101437330245972, 4.899318218231201, 5.052404403686523, 5.113304138183594, 5.032822370529175, 5.009579658508301, 4.8851213455200195, 5.194122314453125, 5.044191122055054, 5.107187986373901, 5.012878656387329, 5.076257228851318, 5.245976448059082]
[94.74, 92.54, 91.67, 92.54, 92.11, 95.61, 90.79, 92.11, 94.74, 90.35, 92.98, 92.98, 91.67, 93.86, 95.18, 93.42, 92.98, 92.98, 92.54, 92.98, 93.86]
[4.940699338912964, 5.107022285461426, 4.995877504348755, 4.9952850341796875, 4.9087817668914795, 4.919416904449463, 5.013544797897339, 5.101437330245972, 4.899318218231201, 5.052404403686523, 5.113304138183594, 5.032822370529175, 5.009579658508301, 4.8851213455200195, 5.194122314453125, 5.044191122055054, 5.107187986373901, 5.012878656387329, 5.076257228851318, 5.245976448059082, 4.997195720672607]
[94.74, 92.54, 91.67, 92.54, 92.11, 95.61, 90.79, 92.11, 94.74, 90.35, 92.98, 92.98, 91.67, 93.86, 95.18, 93.42, 92.98, 92.98, 92.54, 92.98, 93.86, 91.67]
[4.940699338912964, 5.107022285461426, 4.995877504348755, 4.9952850341796875, 4.9087817668914795, 4.919416904449463, 5.013544797897339, 5.101437330245972, 4.899318218231201, 5.052404403686523, 5.113304138183594, 5.032822370529175, 5.009579658508301, 4.8851213455200195, 5.194122314453125, 5.044191122055054, 5.107187986373901, 5.012878656387329, 5.076257228851318, 5.245976448059082, 4.997195720672607, 5.045637845993042]
[94.74, 92.54, 91.67, 92.54, 92.11, 95.61, 90.79, 92.11, 94.74, 90.35, 92.98, 92.98, 91.67, 93.86, 95.18, 93.42, 92.98, 92.98, 92.54, 92.98, 93.86, 91.67, 92.11]
[4.940699338912964, 5.107022285461426, 4.995877504348755, 4.9952850341796875, 4.9087817668914795, 4.919416904449463, 5.013544797897339, 5.101437330245972, 4.899318218231201, 5.052404403686523, 5.113304138183594, 5.032822370529175, 5.009579658508301, 4.8851213455200195, 5.194122314453125, 5.044191122055054, 5.107187986373901, 5.012878656387329, 5.076257228851318, 5.245976448059082, 4.997195720672607, 5.045637845993042, 5.008149147033691]
[94.74, 92.54, 91.67, 92.54, 92.11, 95.61, 90.79, 92.11, 94.74, 90.35, 92.98, 92.98, 91.67, 93.86, 95.18, 93.42, 92.98, 92.98, 92.54, 92.98, 93.86, 91.67, 92.11, 91.67]
[4.940699338912964, 5.107022285461426, 4.995877504348755, 4.9952850341796875, 4.9087817668914795, 4.919416904449463, 5.013544797897339, 5.101437330245972, 4.899318218231201, 5.052404403686523, 5.113304138183594, 5.032822370529175, 5.009579658508301, 4.8851213455200195, 5.194122314453125, 5.044191122055054, 5.107187986373901, 5.012878656387329, 5.076257228851318, 5.245976448059082, 4.997195720672607, 5.045637845993042, 5.008149147033691, 5.238487243652344]
[94.74, 92.54, 91.67, 92.54, 92.11, 95.61, 90.79, 92.11, 94.74, 90.35, 92.98, 92.98, 91.67, 93.86, 95.18, 93.42, 92.98, 92.98, 92.54, 92.98, 93.86, 91.67, 92.11, 91.67, 92.11]
[4.940699338912964, 5.107022285461426, 4.995877504348755, 4.9952850341796875, 4.9087817668914795, 4.919416904449463, 5.013544797897339, 5.101437330245972, 4.899318218231201, 5.052404403686523, 5.113304138183594, 5.032822370529175, 5.009579658508301, 4.8851213455200195, 5.194122314453125, 5.044191122055054, 5.107187986373901, 5.012878656387329, 5.076257228851318, 5.245976448059082, 4.997195720672607, 5.045637845993042, 5.008149147033691, 5.238487243652344, 5.101827383041382]
[94.74, 92.54, 91.67, 92.54, 92.11, 95.61, 90.79, 92.11, 94.74, 90.35, 92.98, 92.98, 91.67, 93.86, 95.18, 93.42, 92.98, 92.98, 92.54, 92.98, 93.86, 91.67, 92.11, 91.67, 92.11, 92.54]
[4.940699338912964, 5.107022285461426, 4.995877504348755, 4.9952850341796875, 4.9087817668914795, 4.919416904449463, 5.013544797897339, 5.101437330245972, 4.899318218231201, 5.052404403686523, 5.113304138183594, 5.032822370529175, 5.009579658508301, 4.8851213455200195, 5.194122314453125, 5.044191122055054, 5.107187986373901, 5.012878656387329, 5.076257228851318, 5.245976448059082, 4.997195720672607, 5.045637845993042, 5.008149147033691, 5.238487243652344, 5.101827383041382, 4.953042984008789]
[94.74, 92.54, 91.67, 92.54, 92.11, 95.61, 90.79, 92.11, 94.74, 90.35, 92.98, 92.98, 91.67, 93.86, 95.18, 93.42, 92.98, 92.98, 92.54, 92.98, 93.86, 91.67, 92.11, 91.67, 92.11, 92.54, 92.98]
[4.940699338912964, 5.107022285461426, 4.995877504348755, 4.9952850341796875, 4.9087817668914795, 4.919416904449463, 5.013544797897339, 5.101437330245972, 4.899318218231201, 5.052404403686523, 5.113304138183594, 5.032822370529175, 5.009579658508301, 4.8851213455200195, 5.194122314453125, 5.044191122055054, 5.107187986373901, 5.012878656387329, 5.076257228851318, 5.245976448059082, 4.997195720672607, 5.045637845993042, 5.008149147033691, 5.238487243652344, 5.101827383041382, 4.953042984008789, 5.186438322067261]
[94.74, 92.54, 91.67, 92.54, 92.11, 95.61, 90.79, 92.11, 94.74, 90.35, 92.98, 92.98, 91.67, 93.86, 95.18, 93.42, 92.98, 92.98, 92.54, 92.98, 93.86, 91.67, 92.11, 91.67, 92.11, 92.54, 92.98, 92.54]
[4.940699338912964, 5.107022285461426, 4.995877504348755, 4.9952850341796875, 4.9087817668914795, 4.919416904449463, 5.013544797897339, 5.101437330245972, 4.899318218231201, 5.052404403686523, 5.113304138183594, 5.032822370529175, 5.009579658508301, 4.8851213455200195, 5.194122314453125, 5.044191122055054, 5.107187986373901, 5.012878656387329, 5.076257228851318, 5.245976448059082, 4.997195720672607, 5.045637845993042, 5.008149147033691, 5.238487243652344, 5.101827383041382, 4.953042984008789, 5.186438322067261, 5.028818607330322]
[94.74, 92.54, 91.67, 92.54, 92.11, 95.61, 90.79, 92.11, 94.74, 90.35, 92.98, 92.98, 91.67, 93.86, 95.18, 93.42, 92.98, 92.98, 92.54, 92.98, 93.86, 91.67, 92.11, 91.67, 92.11, 92.54, 92.98, 92.54, 91.67]
[4.940699338912964, 5.107022285461426, 4.995877504348755, 4.9952850341796875, 4.9087817668914795, 4.919416904449463, 5.013544797897339, 5.101437330245972, 4.899318218231201, 5.052404403686523, 5.113304138183594, 5.032822370529175, 5.009579658508301, 4.8851213455200195, 5.194122314453125, 5.044191122055054, 5.107187986373901, 5.012878656387329, 5.076257228851318, 5.245976448059082, 4.997195720672607, 5.045637845993042, 5.008149147033691, 5.238487243652344, 5.101827383041382, 4.953042984008789, 5.186438322067261, 5.028818607330322, 5.229398727416992]
[94.74, 92.54, 91.67, 92.54, 92.11, 95.61, 90.79, 92.11, 94.74, 90.35, 92.98, 92.98, 91.67, 93.86, 95.18, 93.42, 92.98, 92.98, 92.54, 92.98, 93.86, 91.67, 92.11, 91.67, 92.11, 92.54, 92.98, 92.54, 91.67, 86.4]
[4.940699338912964, 5.107022285461426, 4.995877504348755, 4.9952850341796875, 4.9087817668914795, 4.919416904449463, 5.013544797897339, 5.101437330245972, 4.899318218231201, 5.052404403686523, 5.113304138183594, 5.032822370529175, 5.009579658508301, 4.8851213455200195, 5.194122314453125, 5.044191122055054, 5.107187986373901, 5.012878656387329, 5.076257228851318, 5.245976448059082, 4.997195720672607, 5.045637845993042, 5.008149147033691, 5.238487243652344, 5.101827383041382, 4.953042984008789, 5.186438322067261, 5.028818607330322, 5.229398727416992, 5.104189395904541]
Mean Accuracy 92.544
Mean Time 5.051613807678223
Loading file :  cardio_train.csv
[55.56]
[6.421090126037598]
[55.56, 56.76]
[6.421090126037598, 6.3620240688323975]
[55.56, 56.76, 59.85]
[6.421090126037598, 6.3620240688323975, 6.140810489654541]
[55.56, 56.76, 59.85, 51.74]
[6.421090126037598, 6.3620240688323975, 6.140810489654541, 6.3500988483428955]
[55.56, 56.76, 59.85, 51.74, 62.08]
[6.421090126037598, 6.3620240688323975, 6.140810489654541, 6.3500988483428955, 6.256598472595215]
[55.56, 56.76, 59.85, 51.74, 62.08, 58.38]
[6.421090126037598, 6.3620240688323975, 6.140810489654541, 6.3500988483428955, 6.256598472595215, 6.387006998062134]
[55.56, 56.76, 59.85, 51.74, 62.08, 58.38, 59.89]
[6.421090126037598, 6.3620240688323975, 6.140810489654541, 6.3500988483428955, 6.256598472595215, 6.387006998062134, 6.448472499847412]
[55.56, 56.76, 59.85, 51.74, 62.08, 58.38, 59.89, 61.09]
[6.421090126037598, 6.3620240688323975, 6.140810489654541, 6.3500988483428955, 6.256598472595215, 6.387006998062134, 6.448472499847412, 6.191006183624268]
[55.56, 56.76, 59.85, 51.74, 62.08, 58.38, 59.89, 61.09, 59.59]
[6.421090126037598, 6.3620240688323975, 6.140810489654541, 6.3500988483428955, 6.256598472595215, 6.387006998062134, 6.448472499847412, 6.191006183624268, 6.292736768722534]
[55.56, 56.76, 59.85, 51.74, 62.08, 58.38, 59.89, 61.09, 59.59, 61.04]
[6.421090126037598, 6.3620240688323975, 6.140810489654541, 6.3500988483428955, 6.256598472595215, 6.387006998062134, 6.448472499847412, 6.191006183624268, 6.292736768722534, 6.180063962936401]
[55.56, 56.76, 59.85, 51.74, 62.08, 58.38, 59.89, 61.09, 59.59, 61.04, 61.02]
[6.421090126037598, 6.3620240688323975, 6.140810489654541, 6.3500988483428955, 6.256598472595215, 6.387006998062134, 6.448472499847412, 6.191006183624268, 6.292736768722534, 6.180063962936401, 6.139304876327515]
[55.56, 56.76, 59.85, 51.74, 62.08, 58.38, 59.89, 61.09, 59.59, 61.04, 61.02, 59.05]
[6.421090126037598, 6.3620240688323975, 6.140810489654541, 6.3500988483428955, 6.256598472595215, 6.387006998062134, 6.448472499847412, 6.191006183624268, 6.292736768722534, 6.180063962936401, 6.139304876327515, 6.726189613342285]
[55.56, 56.76, 59.85, 51.74, 62.08, 58.38, 59.89, 61.09, 59.59, 61.04, 61.02, 59.05, 60.74]
[6.421090126037598, 6.3620240688323975, 6.140810489654541, 6.3500988483428955, 6.256598472595215, 6.387006998062134, 6.448472499847412, 6.191006183624268, 6.292736768722534, 6.180063962936401, 6.139304876327515, 6.726189613342285, 6.342289447784424]
[55.56, 56.76, 59.85, 51.74, 62.08, 58.38, 59.89, 61.09, 59.59, 61.04, 61.02, 59.05, 60.74, 58.47]
[6.421090126037598, 6.3620240688323975, 6.140810489654541, 6.3500988483428955, 6.256598472595215, 6.387006998062134, 6.448472499847412, 6.191006183624268, 6.292736768722534, 6.180063962936401, 6.139304876327515, 6.726189613342285, 6.342289447784424, 6.041372060775757]
[55.56, 56.76, 59.85, 51.74, 62.08, 58.38, 59.89, 61.09, 59.59, 61.04, 61.02, 59.05, 60.74, 58.47, 58.84]
[6.421090126037598, 6.3620240688323975, 6.140810489654541, 6.3500988483428955, 6.256598472595215, 6.387006998062134, 6.448472499847412, 6.191006183624268, 6.292736768722534, 6.180063962936401, 6.139304876327515, 6.726189613342285, 6.342289447784424, 6.041372060775757, 6.3916003704071045]
[55.56, 56.76, 59.85, 51.74, 62.08, 58.38, 59.89, 61.09, 59.59, 61.04, 61.02, 59.05, 60.74, 58.47, 58.84, 55.44]
[6.421090126037598, 6.3620240688323975, 6.140810489654541, 6.3500988483428955, 6.256598472595215, 6.387006998062134, 6.448472499847412, 6.191006183624268, 6.292736768722534, 6.180063962936401, 6.139304876327515, 6.726189613342285, 6.342289447784424, 6.041372060775757, 6.3916003704071045, 6.377566814422607]
[55.56, 56.76, 59.85, 51.74, 62.08, 58.38, 59.89, 61.09, 59.59, 61.04, 61.02, 59.05, 60.74, 58.47, 58.84, 55.44, 51.78]
[6.421090126037598, 6.3620240688323975, 6.140810489654541, 6.3500988483428955, 6.256598472595215, 6.387006998062134, 6.448472499847412, 6.191006183624268, 6.292736768722534, 6.180063962936401, 6.139304876327515, 6.726189613342285, 6.342289447784424, 6.041372060775757, 6.3916003704071045, 6.377566814422607, 6.277480363845825]
[55.56, 56.76, 59.85, 51.74, 62.08, 58.38, 59.89, 61.09, 59.59, 61.04, 61.02, 59.05, 60.74, 58.47, 58.84, 55.44, 51.78, 61.97]
[6.421090126037598, 6.3620240688323975, 6.140810489654541, 6.3500988483428955, 6.256598472595215, 6.387006998062134, 6.448472499847412, 6.191006183624268, 6.292736768722534, 6.180063962936401, 6.139304876327515, 6.726189613342285, 6.342289447784424, 6.041372060775757, 6.3916003704071045, 6.377566814422607, 6.277480363845825, 6.066760301589966]
[55.56, 56.76, 59.85, 51.74, 62.08, 58.38, 59.89, 61.09, 59.59, 61.04, 61.02, 59.05, 60.74, 58.47, 58.84, 55.44, 51.78, 61.97, 58.03]
[6.421090126037598, 6.3620240688323975, 6.140810489654541, 6.3500988483428955, 6.256598472595215, 6.387006998062134, 6.448472499847412, 6.191006183624268, 6.292736768722534, 6.180063962936401, 6.139304876327515, 6.726189613342285, 6.342289447784424, 6.041372060775757, 6.3916003704071045, 6.377566814422607, 6.277480363845825, 6.066760301589966, 6.3545308113098145]
[55.56, 56.76, 59.85, 51.74, 62.08, 58.38, 59.89, 61.09, 59.59, 61.04, 61.02, 59.05, 60.74, 58.47, 58.84, 55.44, 51.78, 61.97, 58.03, 59.38]
[6.421090126037598, 6.3620240688323975, 6.140810489654541, 6.3500988483428955, 6.256598472595215, 6.387006998062134, 6.448472499847412, 6.191006183624268, 6.292736768722534, 6.180063962936401, 6.139304876327515, 6.726189613342285, 6.342289447784424, 6.041372060775757, 6.3916003704071045, 6.377566814422607, 6.277480363845825, 6.066760301589966, 6.3545308113098145, 6.2970263957977295]
[55.56, 56.76, 59.85, 51.74, 62.08, 58.38, 59.89, 61.09, 59.59, 61.04, 61.02, 59.05, 60.74, 58.47, 58.84, 55.44, 51.78, 61.97, 58.03, 59.38, 57.36]
[6.421090126037598, 6.3620240688323975, 6.140810489654541, 6.3500988483428955, 6.256598472595215, 6.387006998062134, 6.448472499847412, 6.191006183624268, 6.292736768722534, 6.180063962936401, 6.139304876327515, 6.726189613342285, 6.342289447784424, 6.041372060775757, 6.3916003704071045, 6.377566814422607, 6.277480363845825, 6.066760301589966, 6.3545308113098145, 6.2970263957977295, 6.390812873840332]
[55.56, 56.76, 59.85, 51.74, 62.08, 58.38, 59.89, 61.09, 59.59, 61.04, 61.02, 59.05, 60.74, 58.47, 58.84, 55.44, 51.78, 61.97, 58.03, 59.38, 57.36, 61.45]
[6.421090126037598, 6.3620240688323975, 6.140810489654541, 6.3500988483428955, 6.256598472595215, 6.387006998062134, 6.448472499847412, 6.191006183624268, 6.292736768722534, 6.180063962936401, 6.139304876327515, 6.726189613342285, 6.342289447784424, 6.041372060775757, 6.3916003704071045, 6.377566814422607, 6.277480363845825, 6.066760301589966, 6.3545308113098145, 6.2970263957977295, 6.390812873840332, 6.368500471115112]
[55.56, 56.76, 59.85, 51.74, 62.08, 58.38, 59.89, 61.09, 59.59, 61.04, 61.02, 59.05, 60.74, 58.47, 58.84, 55.44, 51.78, 61.97, 58.03, 59.38, 57.36, 61.45, 59.54]
[6.421090126037598, 6.3620240688323975, 6.140810489654541, 6.3500988483428955, 6.256598472595215, 6.387006998062134, 6.448472499847412, 6.191006183624268, 6.292736768722534, 6.180063962936401, 6.139304876327515, 6.726189613342285, 6.342289447784424, 6.041372060775757, 6.3916003704071045, 6.377566814422607, 6.277480363845825, 6.066760301589966, 6.3545308113098145, 6.2970263957977295, 6.390812873840332, 6.368500471115112, 6.395115375518799]
[55.56, 56.76, 59.85, 51.74, 62.08, 58.38, 59.89, 61.09, 59.59, 61.04, 61.02, 59.05, 60.74, 58.47, 58.84, 55.44, 51.78, 61.97, 58.03, 59.38, 57.36, 61.45, 59.54, 55.48]
[6.421090126037598, 6.3620240688323975, 6.140810489654541, 6.3500988483428955, 6.256598472595215, 6.387006998062134, 6.448472499847412, 6.191006183624268, 6.292736768722534, 6.180063962936401, 6.139304876327515, 6.726189613342285, 6.342289447784424, 6.041372060775757, 6.3916003704071045, 6.377566814422607, 6.277480363845825, 6.066760301589966, 6.3545308113098145, 6.2970263957977295, 6.390812873840332, 6.368500471115112, 6.395115375518799, 6.438406467437744]
[55.56, 56.76, 59.85, 51.74, 62.08, 58.38, 59.89, 61.09, 59.59, 61.04, 61.02, 59.05, 60.74, 58.47, 58.84, 55.44, 51.78, 61.97, 58.03, 59.38, 57.36, 61.45, 59.54, 55.48, 61.37]
[6.421090126037598, 6.3620240688323975, 6.140810489654541, 6.3500988483428955, 6.256598472595215, 6.387006998062134, 6.448472499847412, 6.191006183624268, 6.292736768722534, 6.180063962936401, 6.139304876327515, 6.726189613342285, 6.342289447784424, 6.041372060775757, 6.3916003704071045, 6.377566814422607, 6.277480363845825, 6.066760301589966, 6.3545308113098145, 6.2970263957977295, 6.390812873840332, 6.368500471115112, 6.395115375518799, 6.438406467437744, 6.135774850845337]
[55.56, 56.76, 59.85, 51.74, 62.08, 58.38, 59.89, 61.09, 59.59, 61.04, 61.02, 59.05, 60.74, 58.47, 58.84, 55.44, 51.78, 61.97, 58.03, 59.38, 57.36, 61.45, 59.54, 55.48, 61.37, 61.6]
[6.421090126037598, 6.3620240688323975, 6.140810489654541, 6.3500988483428955, 6.256598472595215, 6.387006998062134, 6.448472499847412, 6.191006183624268, 6.292736768722534, 6.180063962936401, 6.139304876327515, 6.726189613342285, 6.342289447784424, 6.041372060775757, 6.3916003704071045, 6.377566814422607, 6.277480363845825, 6.066760301589966, 6.3545308113098145, 6.2970263957977295, 6.390812873840332, 6.368500471115112, 6.395115375518799, 6.438406467437744, 6.135774850845337, 6.191221237182617]
[55.56, 56.76, 59.85, 51.74, 62.08, 58.38, 59.89, 61.09, 59.59, 61.04, 61.02, 59.05, 60.74, 58.47, 58.84, 55.44, 51.78, 61.97, 58.03, 59.38, 57.36, 61.45, 59.54, 55.48, 61.37, 61.6, 60.59]
[6.421090126037598, 6.3620240688323975, 6.140810489654541, 6.3500988483428955, 6.256598472595215, 6.387006998062134, 6.448472499847412, 6.191006183624268, 6.292736768722534, 6.180063962936401, 6.139304876327515, 6.726189613342285, 6.342289447784424, 6.041372060775757, 6.3916003704071045, 6.377566814422607, 6.277480363845825, 6.066760301589966, 6.3545308113098145, 6.2970263957977295, 6.390812873840332, 6.368500471115112, 6.395115375518799, 6.438406467437744, 6.135774850845337, 6.191221237182617, 5.935199975967407]
[55.56, 56.76, 59.85, 51.74, 62.08, 58.38, 59.89, 61.09, 59.59, 61.04, 61.02, 59.05, 60.74, 58.47, 58.84, 55.44, 51.78, 61.97, 58.03, 59.38, 57.36, 61.45, 59.54, 55.48, 61.37, 61.6, 60.59, 61.21]
[6.421090126037598, 6.3620240688323975, 6.140810489654541, 6.3500988483428955, 6.256598472595215, 6.387006998062134, 6.448472499847412, 6.191006183624268, 6.292736768722534, 6.180063962936401, 6.139304876327515, 6.726189613342285, 6.342289447784424, 6.041372060775757, 6.3916003704071045, 6.377566814422607, 6.277480363845825, 6.066760301589966, 6.3545308113098145, 6.2970263957977295, 6.390812873840332, 6.368500471115112, 6.395115375518799, 6.438406467437744, 6.135774850845337, 6.191221237182617, 5.935199975967407, 6.621319055557251]
[55.56, 56.76, 59.85, 51.74, 62.08, 58.38, 59.89, 61.09, 59.59, 61.04, 61.02, 59.05, 60.74, 58.47, 58.84, 55.44, 51.78, 61.97, 58.03, 59.38, 57.36, 61.45, 59.54, 55.48, 61.37, 61.6, 60.59, 61.21, 59.92]
[6.421090126037598, 6.3620240688323975, 6.140810489654541, 6.3500988483428955, 6.256598472595215, 6.387006998062134, 6.448472499847412, 6.191006183624268, 6.292736768722534, 6.180063962936401, 6.139304876327515, 6.726189613342285, 6.342289447784424, 6.041372060775757, 6.3916003704071045, 6.377566814422607, 6.277480363845825, 6.066760301589966, 6.3545308113098145, 6.2970263957977295, 6.390812873840332, 6.368500471115112, 6.395115375518799, 6.438406467437744, 6.135774850845337, 6.191221237182617, 5.935199975967407, 6.621319055557251, 6.488072395324707]
[55.56, 56.76, 59.85, 51.74, 62.08, 58.38, 59.89, 61.09, 59.59, 61.04, 61.02, 59.05, 60.74, 58.47, 58.84, 55.44, 51.78, 61.97, 58.03, 59.38, 57.36, 61.45, 59.54, 55.48, 61.37, 61.6, 60.59, 61.21, 59.92, 61.02]
[6.421090126037598, 6.3620240688323975, 6.140810489654541, 6.3500988483428955, 6.256598472595215, 6.387006998062134, 6.448472499847412, 6.191006183624268, 6.292736768722534, 6.180063962936401, 6.139304876327515, 6.726189613342285, 6.342289447784424, 6.041372060775757, 6.3916003704071045, 6.377566814422607, 6.277480363845825, 6.066760301589966, 6.3545308113098145, 6.2970263957977295, 6.390812873840332, 6.368500471115112, 6.395115375518799, 6.438406467437744, 6.135774850845337, 6.191221237182617, 5.935199975967407, 6.621319055557251, 6.488072395324707, 6.032799482345581]
Mean Accuracy 59.008
Mean Time 6.301375055313111
Loading file :  diabetes.csv
[72.73]
[5.240643501281738]
[72.73, 66.56]
[5.240643501281738, 5.434520483016968]
[72.73, 66.56, 72.73]
[5.240643501281738, 5.434520483016968, 5.06718373298645]
[72.73, 66.56, 72.73, 66.88]
[5.240643501281738, 5.434520483016968, 5.06718373298645, 5.008181095123291]
[72.73, 66.56, 72.73, 66.88, 71.75]
[5.240643501281738, 5.434520483016968, 5.06718373298645, 5.008181095123291, 5.059085845947266]
[72.73, 66.56, 72.73, 66.88, 71.75, 68.51]
[5.240643501281738, 5.434520483016968, 5.06718373298645, 5.008181095123291, 5.059085845947266, 5.381872177124023]
[72.73, 66.56, 72.73, 66.88, 71.75, 68.51, 71.43]
[5.240643501281738, 5.434520483016968, 5.06718373298645, 5.008181095123291, 5.059085845947266, 5.381872177124023, 5.035797595977783]
[72.73, 66.56, 72.73, 66.88, 71.75, 68.51, 71.43, 66.56]
[5.240643501281738, 5.434520483016968, 5.06718373298645, 5.008181095123291, 5.059085845947266, 5.381872177124023, 5.035797595977783, 5.004716157913208]
[72.73, 66.56, 72.73, 66.88, 71.75, 68.51, 71.43, 66.56, 73.05]
[5.240643501281738, 5.434520483016968, 5.06718373298645, 5.008181095123291, 5.059085845947266, 5.381872177124023, 5.035797595977783, 5.004716157913208, 5.1161065101623535]
[72.73, 66.56, 72.73, 66.88, 71.75, 68.51, 71.43, 66.56, 73.05, 67.53]
[5.240643501281738, 5.434520483016968, 5.06718373298645, 5.008181095123291, 5.059085845947266, 5.381872177124023, 5.035797595977783, 5.004716157913208, 5.1161065101623535, 5.12244725227356]
[72.73, 66.56, 72.73, 66.88, 71.75, 68.51, 71.43, 66.56, 73.05, 67.53, 66.56]
[5.240643501281738, 5.434520483016968, 5.06718373298645, 5.008181095123291, 5.059085845947266, 5.381872177124023, 5.035797595977783, 5.004716157913208, 5.1161065101623535, 5.12244725227356, 5.184138059616089]
[72.73, 66.56, 72.73, 66.88, 71.75, 68.51, 71.43, 66.56, 73.05, 67.53, 66.56, 66.56]
[5.240643501281738, 5.434520483016968, 5.06718373298645, 5.008181095123291, 5.059085845947266, 5.381872177124023, 5.035797595977783, 5.004716157913208, 5.1161065101623535, 5.12244725227356, 5.184138059616089, 5.173101902008057]
[72.73, 66.56, 72.73, 66.88, 71.75, 68.51, 71.43, 66.56, 73.05, 67.53, 66.56, 66.56, 66.56]
[5.240643501281738, 5.434520483016968, 5.06718373298645, 5.008181095123291, 5.059085845947266, 5.381872177124023, 5.035797595977783, 5.004716157913208, 5.1161065101623535, 5.12244725227356, 5.184138059616089, 5.173101902008057, 4.968461275100708]
[72.73, 66.56, 72.73, 66.88, 71.75, 68.51, 71.43, 66.56, 73.05, 67.53, 66.56, 66.56, 66.56, 67.86]
[5.240643501281738, 5.434520483016968, 5.06718373298645, 5.008181095123291, 5.059085845947266, 5.381872177124023, 5.035797595977783, 5.004716157913208, 5.1161065101623535, 5.12244725227356, 5.184138059616089, 5.173101902008057, 4.968461275100708, 5.0905468463897705]
[72.73, 66.56, 72.73, 66.88, 71.75, 68.51, 71.43, 66.56, 73.05, 67.53, 66.56, 66.56, 66.56, 67.86, 71.1]
[5.240643501281738, 5.434520483016968, 5.06718373298645, 5.008181095123291, 5.059085845947266, 5.381872177124023, 5.035797595977783, 5.004716157913208, 5.1161065101623535, 5.12244725227356, 5.184138059616089, 5.173101902008057, 4.968461275100708, 5.0905468463897705, 5.089174032211304]
[72.73, 66.56, 72.73, 66.88, 71.75, 68.51, 71.43, 66.56, 73.05, 67.53, 66.56, 66.56, 66.56, 67.86, 71.1, 71.1]
[5.240643501281738, 5.434520483016968, 5.06718373298645, 5.008181095123291, 5.059085845947266, 5.381872177124023, 5.035797595977783, 5.004716157913208, 5.1161065101623535, 5.12244725227356, 5.184138059616089, 5.173101902008057, 4.968461275100708, 5.0905468463897705, 5.089174032211304, 5.028941869735718]
[72.73, 66.56, 72.73, 66.88, 71.75, 68.51, 71.43, 66.56, 73.05, 67.53, 66.56, 66.56, 66.56, 67.86, 71.1, 71.1, 72.4]
[5.240643501281738, 5.434520483016968, 5.06718373298645, 5.008181095123291, 5.059085845947266, 5.381872177124023, 5.035797595977783, 5.004716157913208, 5.1161065101623535, 5.12244725227356, 5.184138059616089, 5.173101902008057, 4.968461275100708, 5.0905468463897705, 5.089174032211304, 5.028941869735718, 4.886203289031982]
[72.73, 66.56, 72.73, 66.88, 71.75, 68.51, 71.43, 66.56, 73.05, 67.53, 66.56, 66.56, 66.56, 67.86, 71.1, 71.1, 72.4, 74.35]
[5.240643501281738, 5.434520483016968, 5.06718373298645, 5.008181095123291, 5.059085845947266, 5.381872177124023, 5.035797595977783, 5.004716157913208, 5.1161065101623535, 5.12244725227356, 5.184138059616089, 5.173101902008057, 4.968461275100708, 5.0905468463897705, 5.089174032211304, 5.028941869735718, 4.886203289031982, 5.046934604644775]
[72.73, 66.56, 72.73, 66.88, 71.75, 68.51, 71.43, 66.56, 73.05, 67.53, 66.56, 66.56, 66.56, 67.86, 71.1, 71.1, 72.4, 74.35, 74.35]
[5.240643501281738, 5.434520483016968, 5.06718373298645, 5.008181095123291, 5.059085845947266, 5.381872177124023, 5.035797595977783, 5.004716157913208, 5.1161065101623535, 5.12244725227356, 5.184138059616089, 5.173101902008057, 4.968461275100708, 5.0905468463897705, 5.089174032211304, 5.028941869735718, 4.886203289031982, 5.046934604644775, 5.133856296539307]
[72.73, 66.56, 72.73, 66.88, 71.75, 68.51, 71.43, 66.56, 73.05, 67.53, 66.56, 66.56, 66.56, 67.86, 71.1, 71.1, 72.4, 74.35, 74.35, 75.32]
[5.240643501281738, 5.434520483016968, 5.06718373298645, 5.008181095123291, 5.059085845947266, 5.381872177124023, 5.035797595977783, 5.004716157913208, 5.1161065101623535, 5.12244725227356, 5.184138059616089, 5.173101902008057, 4.968461275100708, 5.0905468463897705, 5.089174032211304, 5.028941869735718, 4.886203289031982, 5.046934604644775, 5.133856296539307, 5.046505689620972]
[72.73, 66.56, 72.73, 66.88, 71.75, 68.51, 71.43, 66.56, 73.05, 67.53, 66.56, 66.56, 66.56, 67.86, 71.1, 71.1, 72.4, 74.35, 74.35, 75.32, 72.4]
[5.240643501281738, 5.434520483016968, 5.06718373298645, 5.008181095123291, 5.059085845947266, 5.381872177124023, 5.035797595977783, 5.004716157913208, 5.1161065101623535, 5.12244725227356, 5.184138059616089, 5.173101902008057, 4.968461275100708, 5.0905468463897705, 5.089174032211304, 5.028941869735718, 4.886203289031982, 5.046934604644775, 5.133856296539307, 5.046505689620972, 5.096383333206177]
[72.73, 66.56, 72.73, 66.88, 71.75, 68.51, 71.43, 66.56, 73.05, 67.53, 66.56, 66.56, 66.56, 67.86, 71.1, 71.1, 72.4, 74.35, 74.35, 75.32, 72.4, 71.1]
[5.240643501281738, 5.434520483016968, 5.06718373298645, 5.008181095123291, 5.059085845947266, 5.381872177124023, 5.035797595977783, 5.004716157913208, 5.1161065101623535, 5.12244725227356, 5.184138059616089, 5.173101902008057, 4.968461275100708, 5.0905468463897705, 5.089174032211304, 5.028941869735718, 4.886203289031982, 5.046934604644775, 5.133856296539307, 5.046505689620972, 5.096383333206177, 4.976885080337524]
[72.73, 66.56, 72.73, 66.88, 71.75, 68.51, 71.43, 66.56, 73.05, 67.53, 66.56, 66.56, 66.56, 67.86, 71.1, 71.1, 72.4, 74.35, 74.35, 75.32, 72.4, 71.1, 68.83]
[5.240643501281738, 5.434520483016968, 5.06718373298645, 5.008181095123291, 5.059085845947266, 5.381872177124023, 5.035797595977783, 5.004716157913208, 5.1161065101623535, 5.12244725227356, 5.184138059616089, 5.173101902008057, 4.968461275100708, 5.0905468463897705, 5.089174032211304, 5.028941869735718, 4.886203289031982, 5.046934604644775, 5.133856296539307, 5.046505689620972, 5.096383333206177, 4.976885080337524, 4.997168779373169]
[72.73, 66.56, 72.73, 66.88, 71.75, 68.51, 71.43, 66.56, 73.05, 67.53, 66.56, 66.56, 66.56, 67.86, 71.1, 71.1, 72.4, 74.35, 74.35, 75.32, 72.4, 71.1, 68.83, 70.45]
[5.240643501281738, 5.434520483016968, 5.06718373298645, 5.008181095123291, 5.059085845947266, 5.381872177124023, 5.035797595977783, 5.004716157913208, 5.1161065101623535, 5.12244725227356, 5.184138059616089, 5.173101902008057, 4.968461275100708, 5.0905468463897705, 5.089174032211304, 5.028941869735718, 4.886203289031982, 5.046934604644775, 5.133856296539307, 5.046505689620972, 5.096383333206177, 4.976885080337524, 4.997168779373169, 4.9676673412323]
[72.73, 66.56, 72.73, 66.88, 71.75, 68.51, 71.43, 66.56, 73.05, 67.53, 66.56, 66.56, 66.56, 67.86, 71.1, 71.1, 72.4, 74.35, 74.35, 75.32, 72.4, 71.1, 68.83, 70.45, 73.38]
[5.240643501281738, 5.434520483016968, 5.06718373298645, 5.008181095123291, 5.059085845947266, 5.381872177124023, 5.035797595977783, 5.004716157913208, 5.1161065101623535, 5.12244725227356, 5.184138059616089, 5.173101902008057, 4.968461275100708, 5.0905468463897705, 5.089174032211304, 5.028941869735718, 4.886203289031982, 5.046934604644775, 5.133856296539307, 5.046505689620972, 5.096383333206177, 4.976885080337524, 4.997168779373169, 4.9676673412323, 5.249111890792847]
[72.73, 66.56, 72.73, 66.88, 71.75, 68.51, 71.43, 66.56, 73.05, 67.53, 66.56, 66.56, 66.56, 67.86, 71.1, 71.1, 72.4, 74.35, 74.35, 75.32, 72.4, 71.1, 68.83, 70.45, 73.38, 68.18]
[5.240643501281738, 5.434520483016968, 5.06718373298645, 5.008181095123291, 5.059085845947266, 5.381872177124023, 5.035797595977783, 5.004716157913208, 5.1161065101623535, 5.12244725227356, 5.184138059616089, 5.173101902008057, 4.968461275100708, 5.0905468463897705, 5.089174032211304, 5.028941869735718, 4.886203289031982, 5.046934604644775, 5.133856296539307, 5.046505689620972, 5.096383333206177, 4.976885080337524, 4.997168779373169, 4.9676673412323, 5.249111890792847, 4.9683849811553955]
[72.73, 66.56, 72.73, 66.88, 71.75, 68.51, 71.43, 66.56, 73.05, 67.53, 66.56, 66.56, 66.56, 67.86, 71.1, 71.1, 72.4, 74.35, 74.35, 75.32, 72.4, 71.1, 68.83, 70.45, 73.38, 68.18, 72.4]
[5.240643501281738, 5.434520483016968, 5.06718373298645, 5.008181095123291, 5.059085845947266, 5.381872177124023, 5.035797595977783, 5.004716157913208, 5.1161065101623535, 5.12244725227356, 5.184138059616089, 5.173101902008057, 4.968461275100708, 5.0905468463897705, 5.089174032211304, 5.028941869735718, 4.886203289031982, 5.046934604644775, 5.133856296539307, 5.046505689620972, 5.096383333206177, 4.976885080337524, 4.997168779373169, 4.9676673412323, 5.249111890792847, 4.9683849811553955, 5.022163391113281]
[72.73, 66.56, 72.73, 66.88, 71.75, 68.51, 71.43, 66.56, 73.05, 67.53, 66.56, 66.56, 66.56, 67.86, 71.1, 71.1, 72.4, 74.35, 74.35, 75.32, 72.4, 71.1, 68.83, 70.45, 73.38, 68.18, 72.4, 69.48]
[5.240643501281738, 5.434520483016968, 5.06718373298645, 5.008181095123291, 5.059085845947266, 5.381872177124023, 5.035797595977783, 5.004716157913208, 5.1161065101623535, 5.12244725227356, 5.184138059616089, 5.173101902008057, 4.968461275100708, 5.0905468463897705, 5.089174032211304, 5.028941869735718, 4.886203289031982, 5.046934604644775, 5.133856296539307, 5.046505689620972, 5.096383333206177, 4.976885080337524, 4.997168779373169, 4.9676673412323, 5.249111890792847, 4.9683849811553955, 5.022163391113281, 5.047346115112305]
[72.73, 66.56, 72.73, 66.88, 71.75, 68.51, 71.43, 66.56, 73.05, 67.53, 66.56, 66.56, 66.56, 67.86, 71.1, 71.1, 72.4, 74.35, 74.35, 75.32, 72.4, 71.1, 68.83, 70.45, 73.38, 68.18, 72.4, 69.48, 64.94]
[5.240643501281738, 5.434520483016968, 5.06718373298645, 5.008181095123291, 5.059085845947266, 5.381872177124023, 5.035797595977783, 5.004716157913208, 5.1161065101623535, 5.12244725227356, 5.184138059616089, 5.173101902008057, 4.968461275100708, 5.0905468463897705, 5.089174032211304, 5.028941869735718, 4.886203289031982, 5.046934604644775, 5.133856296539307, 5.046505689620972, 5.096383333206177, 4.976885080337524, 4.997168779373169, 4.9676673412323, 5.249111890792847, 4.9683849811553955, 5.022163391113281, 5.047346115112305, 4.979626893997192]
[72.73, 66.56, 72.73, 66.88, 71.75, 68.51, 71.43, 66.56, 73.05, 67.53, 66.56, 66.56, 66.56, 67.86, 71.1, 71.1, 72.4, 74.35, 74.35, 75.32, 72.4, 71.1, 68.83, 70.45, 73.38, 68.18, 72.4, 69.48, 64.94, 73.7]
[5.240643501281738, 5.434520483016968, 5.06718373298645, 5.008181095123291, 5.059085845947266, 5.381872177124023, 5.035797595977783, 5.004716157913208, 5.1161065101623535, 5.12244725227356, 5.184138059616089, 5.173101902008057, 4.968461275100708, 5.0905468463897705, 5.089174032211304, 5.028941869735718, 4.886203289031982, 5.046934604644775, 5.133856296539307, 5.046505689620972, 5.096383333206177, 4.976885080337524, 4.997168779373169, 4.9676673412323, 5.249111890792847, 4.9683849811553955, 5.022163391113281, 5.047346115112305, 4.979626893997192, 5.072551250457764]
Mean Accuracy 70.29166666666667
Mean Time 5.083190242449443
Loading file :  Liver_disorder.csv
