Loading file :  bc.csv
[94.74]
[6.554746627807617]
[94.74, 92.11]
[6.554746627807617, 3.9583401679992676]
[94.74, 92.11, 94.3]
[6.554746627807617, 3.9583401679992676, 3.9466981887817383]
[94.74, 92.11, 94.3, 95.18]
[6.554746627807617, 3.9583401679992676, 3.9466981887817383, 3.9608709812164307]
[94.74, 92.11, 94.3, 95.18, 93.42]
[6.554746627807617, 3.9583401679992676, 3.9466981887817383, 3.9608709812164307, 3.964918375015259]
[94.74, 92.11, 94.3, 95.18, 93.42, 94.3]
[6.554746627807617, 3.9583401679992676, 3.9466981887817383, 3.9608709812164307, 3.964918375015259, 3.8933682441711426]
[94.74, 92.11, 94.3, 95.18, 93.42, 94.3, 93.42]
[6.554746627807617, 3.9583401679992676, 3.9466981887817383, 3.9608709812164307, 3.964918375015259, 3.8933682441711426, 3.949998140335083]
[94.74, 92.11, 94.3, 95.18, 93.42, 94.3, 93.42, 93.42]
[6.554746627807617, 3.9583401679992676, 3.9466981887817383, 3.9608709812164307, 3.964918375015259, 3.8933682441711426, 3.949998140335083, 3.9309394359588623]
[94.74, 92.11, 94.3, 95.18, 93.42, 94.3, 93.42, 93.42, 95.61]
[6.554746627807617, 3.9583401679992676, 3.9466981887817383, 3.9608709812164307, 3.964918375015259, 3.8933682441711426, 3.949998140335083, 3.9309394359588623, 4.0754008293151855]
[94.74, 92.11, 94.3, 95.18, 93.42, 94.3, 93.42, 93.42, 95.61, 92.54]
[6.554746627807617, 3.9583401679992676, 3.9466981887817383, 3.9608709812164307, 3.964918375015259, 3.8933682441711426, 3.949998140335083, 3.9309394359588623, 4.0754008293151855, 3.9583725929260254]
[94.74, 92.11, 94.3, 95.18, 93.42, 94.3, 93.42, 93.42, 95.61, 92.54, 94.3]
[6.554746627807617, 3.9583401679992676, 3.9466981887817383, 3.9608709812164307, 3.964918375015259, 3.8933682441711426, 3.949998140335083, 3.9309394359588623, 4.0754008293151855, 3.9583725929260254, 3.981769323348999]
[94.74, 92.11, 94.3, 95.18, 93.42, 94.3, 93.42, 93.42, 95.61, 92.54, 94.3, 96.49]
[6.554746627807617, 3.9583401679992676, 3.9466981887817383, 3.9608709812164307, 3.964918375015259, 3.8933682441711426, 3.949998140335083, 3.9309394359588623, 4.0754008293151855, 3.9583725929260254, 3.981769323348999, 4.0037901401519775]
[94.74, 92.11, 94.3, 95.18, 93.42, 94.3, 93.42, 93.42, 95.61, 92.54, 94.3, 96.49, 92.54]
[6.554746627807617, 3.9583401679992676, 3.9466981887817383, 3.9608709812164307, 3.964918375015259, 3.8933682441711426, 3.949998140335083, 3.9309394359588623, 4.0754008293151855, 3.9583725929260254, 3.981769323348999, 4.0037901401519775, 4.050426721572876]
[94.74, 92.11, 94.3, 95.18, 93.42, 94.3, 93.42, 93.42, 95.61, 92.54, 94.3, 96.49, 92.54, 94.74]
[6.554746627807617, 3.9583401679992676, 3.9466981887817383, 3.9608709812164307, 3.964918375015259, 3.8933682441711426, 3.949998140335083, 3.9309394359588623, 4.0754008293151855, 3.9583725929260254, 3.981769323348999, 4.0037901401519775, 4.050426721572876, 3.9665651321411133]
[94.74, 92.11, 94.3, 95.18, 93.42, 94.3, 93.42, 93.42, 95.61, 92.54, 94.3, 96.49, 92.54, 94.74, 95.61]
[6.554746627807617, 3.9583401679992676, 3.9466981887817383, 3.9608709812164307, 3.964918375015259, 3.8933682441711426, 3.949998140335083, 3.9309394359588623, 4.0754008293151855, 3.9583725929260254, 3.981769323348999, 4.0037901401519775, 4.050426721572876, 3.9665651321411133, 4.00568962097168]
[94.74, 92.11, 94.3, 95.18, 93.42, 94.3, 93.42, 93.42, 95.61, 92.54, 94.3, 96.49, 92.54, 94.74, 95.61, 93.86]
[6.554746627807617, 3.9583401679992676, 3.9466981887817383, 3.9608709812164307, 3.964918375015259, 3.8933682441711426, 3.949998140335083, 3.9309394359588623, 4.0754008293151855, 3.9583725929260254, 3.981769323348999, 4.0037901401519775, 4.050426721572876, 3.9665651321411133, 4.00568962097168, 3.9535772800445557]
[94.74, 92.11, 94.3, 95.18, 93.42, 94.3, 93.42, 93.42, 95.61, 92.54, 94.3, 96.49, 92.54, 94.74, 95.61, 93.86, 94.3]
[6.554746627807617, 3.9583401679992676, 3.9466981887817383, 3.9608709812164307, 3.964918375015259, 3.8933682441711426, 3.949998140335083, 3.9309394359588623, 4.0754008293151855, 3.9583725929260254, 3.981769323348999, 4.0037901401519775, 4.050426721572876, 3.9665651321411133, 4.00568962097168, 3.9535772800445557, 3.9703495502471924]
[94.74, 92.11, 94.3, 95.18, 93.42, 94.3, 93.42, 93.42, 95.61, 92.54, 94.3, 96.49, 92.54, 94.74, 95.61, 93.86, 94.3, 93.42]
[6.554746627807617, 3.9583401679992676, 3.9466981887817383, 3.9608709812164307, 3.964918375015259, 3.8933682441711426, 3.949998140335083, 3.9309394359588623, 4.0754008293151855, 3.9583725929260254, 3.981769323348999, 4.0037901401519775, 4.050426721572876, 3.9665651321411133, 4.00568962097168, 3.9535772800445557, 3.9703495502471924, 3.9280033111572266]
[94.74, 92.11, 94.3, 95.18, 93.42, 94.3, 93.42, 93.42, 95.61, 92.54, 94.3, 96.49, 92.54, 94.74, 95.61, 93.86, 94.3, 93.42, 91.23]
[6.554746627807617, 3.9583401679992676, 3.9466981887817383, 3.9608709812164307, 3.964918375015259, 3.8933682441711426, 3.949998140335083, 3.9309394359588623, 4.0754008293151855, 3.9583725929260254, 3.981769323348999, 4.0037901401519775, 4.050426721572876, 3.9665651321411133, 4.00568962097168, 3.9535772800445557, 3.9703495502471924, 3.9280033111572266, 4.0315680503845215]
[94.74, 92.11, 94.3, 95.18, 93.42, 94.3, 93.42, 93.42, 95.61, 92.54, 94.3, 96.49, 92.54, 94.74, 95.61, 93.86, 94.3, 93.42, 91.23, 96.05]
[6.554746627807617, 3.9583401679992676, 3.9466981887817383, 3.9608709812164307, 3.964918375015259, 3.8933682441711426, 3.949998140335083, 3.9309394359588623, 4.0754008293151855, 3.9583725929260254, 3.981769323348999, 4.0037901401519775, 4.050426721572876, 3.9665651321411133, 4.00568962097168, 3.9535772800445557, 3.9703495502471924, 3.9280033111572266, 4.0315680503845215, 3.930030584335327]
[94.74, 92.11, 94.3, 95.18, 93.42, 94.3, 93.42, 93.42, 95.61, 92.54, 94.3, 96.49, 92.54, 94.74, 95.61, 93.86, 94.3, 93.42, 91.23, 96.05, 93.86]
[6.554746627807617, 3.9583401679992676, 3.9466981887817383, 3.9608709812164307, 3.964918375015259, 3.8933682441711426, 3.949998140335083, 3.9309394359588623, 4.0754008293151855, 3.9583725929260254, 3.981769323348999, 4.0037901401519775, 4.050426721572876, 3.9665651321411133, 4.00568962097168, 3.9535772800445557, 3.9703495502471924, 3.9280033111572266, 4.0315680503845215, 3.930030584335327, 4.038118839263916]
[94.74, 92.11, 94.3, 95.18, 93.42, 94.3, 93.42, 93.42, 95.61, 92.54, 94.3, 96.49, 92.54, 94.74, 95.61, 93.86, 94.3, 93.42, 91.23, 96.05, 93.86, 96.05]
[6.554746627807617, 3.9583401679992676, 3.9466981887817383, 3.9608709812164307, 3.964918375015259, 3.8933682441711426, 3.949998140335083, 3.9309394359588623, 4.0754008293151855, 3.9583725929260254, 3.981769323348999, 4.0037901401519775, 4.050426721572876, 3.9665651321411133, 4.00568962097168, 3.9535772800445557, 3.9703495502471924, 3.9280033111572266, 4.0315680503845215, 3.930030584335327, 4.038118839263916, 3.974787712097168]
[94.74, 92.11, 94.3, 95.18, 93.42, 94.3, 93.42, 93.42, 95.61, 92.54, 94.3, 96.49, 92.54, 94.74, 95.61, 93.86, 94.3, 93.42, 91.23, 96.05, 93.86, 96.05, 92.98]
[6.554746627807617, 3.9583401679992676, 3.9466981887817383, 3.9608709812164307, 3.964918375015259, 3.8933682441711426, 3.949998140335083, 3.9309394359588623, 4.0754008293151855, 3.9583725929260254, 3.981769323348999, 4.0037901401519775, 4.050426721572876, 3.9665651321411133, 4.00568962097168, 3.9535772800445557, 3.9703495502471924, 3.9280033111572266, 4.0315680503845215, 3.930030584335327, 4.038118839263916, 3.974787712097168, 4.019128084182739]
[94.74, 92.11, 94.3, 95.18, 93.42, 94.3, 93.42, 93.42, 95.61, 92.54, 94.3, 96.49, 92.54, 94.74, 95.61, 93.86, 94.3, 93.42, 91.23, 96.05, 93.86, 96.05, 92.98, 95.18]
[6.554746627807617, 3.9583401679992676, 3.9466981887817383, 3.9608709812164307, 3.964918375015259, 3.8933682441711426, 3.949998140335083, 3.9309394359588623, 4.0754008293151855, 3.9583725929260254, 3.981769323348999, 4.0037901401519775, 4.050426721572876, 3.9665651321411133, 4.00568962097168, 3.9535772800445557, 3.9703495502471924, 3.9280033111572266, 4.0315680503845215, 3.930030584335327, 4.038118839263916, 3.974787712097168, 4.019128084182739, 4.042632818222046]
[94.74, 92.11, 94.3, 95.18, 93.42, 94.3, 93.42, 93.42, 95.61, 92.54, 94.3, 96.49, 92.54, 94.74, 95.61, 93.86, 94.3, 93.42, 91.23, 96.05, 93.86, 96.05, 92.98, 95.18, 93.86]
[6.554746627807617, 3.9583401679992676, 3.9466981887817383, 3.9608709812164307, 3.964918375015259, 3.8933682441711426, 3.949998140335083, 3.9309394359588623, 4.0754008293151855, 3.9583725929260254, 3.981769323348999, 4.0037901401519775, 4.050426721572876, 3.9665651321411133, 4.00568962097168, 3.9535772800445557, 3.9703495502471924, 3.9280033111572266, 4.0315680503845215, 3.930030584335327, 4.038118839263916, 3.974787712097168, 4.019128084182739, 4.042632818222046, 3.950814723968506]
[94.74, 92.11, 94.3, 95.18, 93.42, 94.3, 93.42, 93.42, 95.61, 92.54, 94.3, 96.49, 92.54, 94.74, 95.61, 93.86, 94.3, 93.42, 91.23, 96.05, 93.86, 96.05, 92.98, 95.18, 93.86, 92.11]
[6.554746627807617, 3.9583401679992676, 3.9466981887817383, 3.9608709812164307, 3.964918375015259, 3.8933682441711426, 3.949998140335083, 3.9309394359588623, 4.0754008293151855, 3.9583725929260254, 3.981769323348999, 4.0037901401519775, 4.050426721572876, 3.9665651321411133, 4.00568962097168, 3.9535772800445557, 3.9703495502471924, 3.9280033111572266, 4.0315680503845215, 3.930030584335327, 4.038118839263916, 3.974787712097168, 4.019128084182739, 4.042632818222046, 3.950814723968506, 3.938445568084717]
[94.74, 92.11, 94.3, 95.18, 93.42, 94.3, 93.42, 93.42, 95.61, 92.54, 94.3, 96.49, 92.54, 94.74, 95.61, 93.86, 94.3, 93.42, 91.23, 96.05, 93.86, 96.05, 92.98, 95.18, 93.86, 92.11, 95.61]
[6.554746627807617, 3.9583401679992676, 3.9466981887817383, 3.9608709812164307, 3.964918375015259, 3.8933682441711426, 3.949998140335083, 3.9309394359588623, 4.0754008293151855, 3.9583725929260254, 3.981769323348999, 4.0037901401519775, 4.050426721572876, 3.9665651321411133, 4.00568962097168, 3.9535772800445557, 3.9703495502471924, 3.9280033111572266, 4.0315680503845215, 3.930030584335327, 4.038118839263916, 3.974787712097168, 4.019128084182739, 4.042632818222046, 3.950814723968506, 3.938445568084717, 3.9604101181030273]
[94.74, 92.11, 94.3, 95.18, 93.42, 94.3, 93.42, 93.42, 95.61, 92.54, 94.3, 96.49, 92.54, 94.74, 95.61, 93.86, 94.3, 93.42, 91.23, 96.05, 93.86, 96.05, 92.98, 95.18, 93.86, 92.11, 95.61, 93.42]
[6.554746627807617, 3.9583401679992676, 3.9466981887817383, 3.9608709812164307, 3.964918375015259, 3.8933682441711426, 3.949998140335083, 3.9309394359588623, 4.0754008293151855, 3.9583725929260254, 3.981769323348999, 4.0037901401519775, 4.050426721572876, 3.9665651321411133, 4.00568962097168, 3.9535772800445557, 3.9703495502471924, 3.9280033111572266, 4.0315680503845215, 3.930030584335327, 4.038118839263916, 3.974787712097168, 4.019128084182739, 4.042632818222046, 3.950814723968506, 3.938445568084717, 3.9604101181030273, 3.9355406761169434]
[94.74, 92.11, 94.3, 95.18, 93.42, 94.3, 93.42, 93.42, 95.61, 92.54, 94.3, 96.49, 92.54, 94.74, 95.61, 93.86, 94.3, 93.42, 91.23, 96.05, 93.86, 96.05, 92.98, 95.18, 93.86, 92.11, 95.61, 93.42, 93.42]
[6.554746627807617, 3.9583401679992676, 3.9466981887817383, 3.9608709812164307, 3.964918375015259, 3.8933682441711426, 3.949998140335083, 3.9309394359588623, 4.0754008293151855, 3.9583725929260254, 3.981769323348999, 4.0037901401519775, 4.050426721572876, 3.9665651321411133, 4.00568962097168, 3.9535772800445557, 3.9703495502471924, 3.9280033111572266, 4.0315680503845215, 3.930030584335327, 4.038118839263916, 3.974787712097168, 4.019128084182739, 4.042632818222046, 3.950814723968506, 3.938445568084717, 3.9604101181030273, 3.9355406761169434, 3.9653756618499756]
[94.74, 92.11, 94.3, 95.18, 93.42, 94.3, 93.42, 93.42, 95.61, 92.54, 94.3, 96.49, 92.54, 94.74, 95.61, 93.86, 94.3, 93.42, 91.23, 96.05, 93.86, 96.05, 92.98, 95.18, 93.86, 92.11, 95.61, 93.42, 93.42, 92.11]
[6.554746627807617, 3.9583401679992676, 3.9466981887817383, 3.9608709812164307, 3.964918375015259, 3.8933682441711426, 3.949998140335083, 3.9309394359588623, 4.0754008293151855, 3.9583725929260254, 3.981769323348999, 4.0037901401519775, 4.050426721572876, 3.9665651321411133, 4.00568962097168, 3.9535772800445557, 3.9703495502471924, 3.9280033111572266, 4.0315680503845215, 3.930030584335327, 4.038118839263916, 3.974787712097168, 4.019128084182739, 4.042632818222046, 3.950814723968506, 3.938445568084717, 3.9604101181030273, 3.9355406761169434, 3.9653756618499756, 3.920039415359497]
Mean Accuracy 94.006
Mean Time 4.058690563837687
Loading file :  cardio_train.csv
[59.32]
[5.272546291351318]
[59.32, 56.98]
[5.272546291351318, 5.079151391983032]
[59.32, 56.98, 60.99]
[5.272546291351318, 5.079151391983032, 5.224049091339111]
[59.32, 56.98, 60.99, 62.11]
[5.272546291351318, 5.079151391983032, 5.224049091339111, 5.173039674758911]
[59.32, 56.98, 60.99, 62.11, 62.12]
[5.272546291351318, 5.079151391983032, 5.224049091339111, 5.173039674758911, 5.270096302032471]
[59.32, 56.98, 60.99, 62.11, 62.12, 60.38]
[5.272546291351318, 5.079151391983032, 5.224049091339111, 5.173039674758911, 5.270096302032471, 5.306608438491821]
[59.32, 56.98, 60.99, 62.11, 62.12, 60.38, 53.95]
[5.272546291351318, 5.079151391983032, 5.224049091339111, 5.173039674758911, 5.270096302032471, 5.306608438491821, 5.107206344604492]
[59.32, 56.98, 60.99, 62.11, 62.12, 60.38, 53.95, 59.88]
[5.272546291351318, 5.079151391983032, 5.224049091339111, 5.173039674758911, 5.270096302032471, 5.306608438491821, 5.107206344604492, 5.243505477905273]
[59.32, 56.98, 60.99, 62.11, 62.12, 60.38, 53.95, 59.88, 60.73]
[5.272546291351318, 5.079151391983032, 5.224049091339111, 5.173039674758911, 5.270096302032471, 5.306608438491821, 5.107206344604492, 5.243505477905273, 5.081331014633179]
[59.32, 56.98, 60.99, 62.11, 62.12, 60.38, 53.95, 59.88, 60.73, 61.94]
[5.272546291351318, 5.079151391983032, 5.224049091339111, 5.173039674758911, 5.270096302032471, 5.306608438491821, 5.107206344604492, 5.243505477905273, 5.081331014633179, 5.096765518188477]
[59.32, 56.98, 60.99, 62.11, 62.12, 60.38, 53.95, 59.88, 60.73, 61.94, 61.39]
[5.272546291351318, 5.079151391983032, 5.224049091339111, 5.173039674758911, 5.270096302032471, 5.306608438491821, 5.107206344604492, 5.243505477905273, 5.081331014633179, 5.096765518188477, 5.178587436676025]
[59.32, 56.98, 60.99, 62.11, 62.12, 60.38, 53.95, 59.88, 60.73, 61.94, 61.39, 61.41]
[5.272546291351318, 5.079151391983032, 5.224049091339111, 5.173039674758911, 5.270096302032471, 5.306608438491821, 5.107206344604492, 5.243505477905273, 5.081331014633179, 5.096765518188477, 5.178587436676025, 5.19201922416687]
[59.32, 56.98, 60.99, 62.11, 62.12, 60.38, 53.95, 59.88, 60.73, 61.94, 61.39, 61.41, 58.38]
[5.272546291351318, 5.079151391983032, 5.224049091339111, 5.173039674758911, 5.270096302032471, 5.306608438491821, 5.107206344604492, 5.243505477905273, 5.081331014633179, 5.096765518188477, 5.178587436676025, 5.19201922416687, 5.155179738998413]
[59.32, 56.98, 60.99, 62.11, 62.12, 60.38, 53.95, 59.88, 60.73, 61.94, 61.39, 61.41, 58.38, 57.03]
[5.272546291351318, 5.079151391983032, 5.224049091339111, 5.173039674758911, 5.270096302032471, 5.306608438491821, 5.107206344604492, 5.243505477905273, 5.081331014633179, 5.096765518188477, 5.178587436676025, 5.19201922416687, 5.155179738998413, 5.112451791763306]
[59.32, 56.98, 60.99, 62.11, 62.12, 60.38, 53.95, 59.88, 60.73, 61.94, 61.39, 61.41, 58.38, 57.03, 61.36]
[5.272546291351318, 5.079151391983032, 5.224049091339111, 5.173039674758911, 5.270096302032471, 5.306608438491821, 5.107206344604492, 5.243505477905273, 5.081331014633179, 5.096765518188477, 5.178587436676025, 5.19201922416687, 5.155179738998413, 5.112451791763306, 5.164430618286133]
[59.32, 56.98, 60.99, 62.11, 62.12, 60.38, 53.95, 59.88, 60.73, 61.94, 61.39, 61.41, 58.38, 57.03, 61.36, 53.59]
[5.272546291351318, 5.079151391983032, 5.224049091339111, 5.173039674758911, 5.270096302032471, 5.306608438491821, 5.107206344604492, 5.243505477905273, 5.081331014633179, 5.096765518188477, 5.178587436676025, 5.19201922416687, 5.155179738998413, 5.112451791763306, 5.164430618286133, 5.317236423492432]
[59.32, 56.98, 60.99, 62.11, 62.12, 60.38, 53.95, 59.88, 60.73, 61.94, 61.39, 61.41, 58.38, 57.03, 61.36, 53.59, 63.12]
[5.272546291351318, 5.079151391983032, 5.224049091339111, 5.173039674758911, 5.270096302032471, 5.306608438491821, 5.107206344604492, 5.243505477905273, 5.081331014633179, 5.096765518188477, 5.178587436676025, 5.19201922416687, 5.155179738998413, 5.112451791763306, 5.164430618286133, 5.317236423492432, 5.229053735733032]
[59.32, 56.98, 60.99, 62.11, 62.12, 60.38, 53.95, 59.88, 60.73, 61.94, 61.39, 61.41, 58.38, 57.03, 61.36, 53.59, 63.12, 57.59]
[5.272546291351318, 5.079151391983032, 5.224049091339111, 5.173039674758911, 5.270096302032471, 5.306608438491821, 5.107206344604492, 5.243505477905273, 5.081331014633179, 5.096765518188477, 5.178587436676025, 5.19201922416687, 5.155179738998413, 5.112451791763306, 5.164430618286133, 5.317236423492432, 5.229053735733032, 5.2612364292144775]
[59.32, 56.98, 60.99, 62.11, 62.12, 60.38, 53.95, 59.88, 60.73, 61.94, 61.39, 61.41, 58.38, 57.03, 61.36, 53.59, 63.12, 57.59, 62.87]
[5.272546291351318, 5.079151391983032, 5.224049091339111, 5.173039674758911, 5.270096302032471, 5.306608438491821, 5.107206344604492, 5.243505477905273, 5.081331014633179, 5.096765518188477, 5.178587436676025, 5.19201922416687, 5.155179738998413, 5.112451791763306, 5.164430618286133, 5.317236423492432, 5.229053735733032, 5.2612364292144775, 5.24100136756897]
[59.32, 56.98, 60.99, 62.11, 62.12, 60.38, 53.95, 59.88, 60.73, 61.94, 61.39, 61.41, 58.38, 57.03, 61.36, 53.59, 63.12, 57.59, 62.87, 60.19]
[5.272546291351318, 5.079151391983032, 5.224049091339111, 5.173039674758911, 5.270096302032471, 5.306608438491821, 5.107206344604492, 5.243505477905273, 5.081331014633179, 5.096765518188477, 5.178587436676025, 5.19201922416687, 5.155179738998413, 5.112451791763306, 5.164430618286133, 5.317236423492432, 5.229053735733032, 5.2612364292144775, 5.24100136756897, 5.210659027099609]
[59.32, 56.98, 60.99, 62.11, 62.12, 60.38, 53.95, 59.88, 60.73, 61.94, 61.39, 61.41, 58.38, 57.03, 61.36, 53.59, 63.12, 57.59, 62.87, 60.19, 58.64]
[5.272546291351318, 5.079151391983032, 5.224049091339111, 5.173039674758911, 5.270096302032471, 5.306608438491821, 5.107206344604492, 5.243505477905273, 5.081331014633179, 5.096765518188477, 5.178587436676025, 5.19201922416687, 5.155179738998413, 5.112451791763306, 5.164430618286133, 5.317236423492432, 5.229053735733032, 5.2612364292144775, 5.24100136756897, 5.210659027099609, 5.073259353637695]
[59.32, 56.98, 60.99, 62.11, 62.12, 60.38, 53.95, 59.88, 60.73, 61.94, 61.39, 61.41, 58.38, 57.03, 61.36, 53.59, 63.12, 57.59, 62.87, 60.19, 58.64, 58.9]
[5.272546291351318, 5.079151391983032, 5.224049091339111, 5.173039674758911, 5.270096302032471, 5.306608438491821, 5.107206344604492, 5.243505477905273, 5.081331014633179, 5.096765518188477, 5.178587436676025, 5.19201922416687, 5.155179738998413, 5.112451791763306, 5.164430618286133, 5.317236423492432, 5.229053735733032, 5.2612364292144775, 5.24100136756897, 5.210659027099609, 5.073259353637695, 5.0852906703948975]
[59.32, 56.98, 60.99, 62.11, 62.12, 60.38, 53.95, 59.88, 60.73, 61.94, 61.39, 61.41, 58.38, 57.03, 61.36, 53.59, 63.12, 57.59, 62.87, 60.19, 58.64, 58.9, 61.19]
[5.272546291351318, 5.079151391983032, 5.224049091339111, 5.173039674758911, 5.270096302032471, 5.306608438491821, 5.107206344604492, 5.243505477905273, 5.081331014633179, 5.096765518188477, 5.178587436676025, 5.19201922416687, 5.155179738998413, 5.112451791763306, 5.164430618286133, 5.317236423492432, 5.229053735733032, 5.2612364292144775, 5.24100136756897, 5.210659027099609, 5.073259353637695, 5.0852906703948975, 5.299265623092651]
[59.32, 56.98, 60.99, 62.11, 62.12, 60.38, 53.95, 59.88, 60.73, 61.94, 61.39, 61.41, 58.38, 57.03, 61.36, 53.59, 63.12, 57.59, 62.87, 60.19, 58.64, 58.9, 61.19, 60.28]
[5.272546291351318, 5.079151391983032, 5.224049091339111, 5.173039674758911, 5.270096302032471, 5.306608438491821, 5.107206344604492, 5.243505477905273, 5.081331014633179, 5.096765518188477, 5.178587436676025, 5.19201922416687, 5.155179738998413, 5.112451791763306, 5.164430618286133, 5.317236423492432, 5.229053735733032, 5.2612364292144775, 5.24100136756897, 5.210659027099609, 5.073259353637695, 5.0852906703948975, 5.299265623092651, 5.097402572631836]
[59.32, 56.98, 60.99, 62.11, 62.12, 60.38, 53.95, 59.88, 60.73, 61.94, 61.39, 61.41, 58.38, 57.03, 61.36, 53.59, 63.12, 57.59, 62.87, 60.19, 58.64, 58.9, 61.19, 60.28, 57.97]
[5.272546291351318, 5.079151391983032, 5.224049091339111, 5.173039674758911, 5.270096302032471, 5.306608438491821, 5.107206344604492, 5.243505477905273, 5.081331014633179, 5.096765518188477, 5.178587436676025, 5.19201922416687, 5.155179738998413, 5.112451791763306, 5.164430618286133, 5.317236423492432, 5.229053735733032, 5.2612364292144775, 5.24100136756897, 5.210659027099609, 5.073259353637695, 5.0852906703948975, 5.299265623092651, 5.097402572631836, 5.129303216934204]
[59.32, 56.98, 60.99, 62.11, 62.12, 60.38, 53.95, 59.88, 60.73, 61.94, 61.39, 61.41, 58.38, 57.03, 61.36, 53.59, 63.12, 57.59, 62.87, 60.19, 58.64, 58.9, 61.19, 60.28, 57.97, 56.75]
[5.272546291351318, 5.079151391983032, 5.224049091339111, 5.173039674758911, 5.270096302032471, 5.306608438491821, 5.107206344604492, 5.243505477905273, 5.081331014633179, 5.096765518188477, 5.178587436676025, 5.19201922416687, 5.155179738998413, 5.112451791763306, 5.164430618286133, 5.317236423492432, 5.229053735733032, 5.2612364292144775, 5.24100136756897, 5.210659027099609, 5.073259353637695, 5.0852906703948975, 5.299265623092651, 5.097402572631836, 5.129303216934204, 5.107192039489746]
[59.32, 56.98, 60.99, 62.11, 62.12, 60.38, 53.95, 59.88, 60.73, 61.94, 61.39, 61.41, 58.38, 57.03, 61.36, 53.59, 63.12, 57.59, 62.87, 60.19, 58.64, 58.9, 61.19, 60.28, 57.97, 56.75, 61.68]
[5.272546291351318, 5.079151391983032, 5.224049091339111, 5.173039674758911, 5.270096302032471, 5.306608438491821, 5.107206344604492, 5.243505477905273, 5.081331014633179, 5.096765518188477, 5.178587436676025, 5.19201922416687, 5.155179738998413, 5.112451791763306, 5.164430618286133, 5.317236423492432, 5.229053735733032, 5.2612364292144775, 5.24100136756897, 5.210659027099609, 5.073259353637695, 5.0852906703948975, 5.299265623092651, 5.097402572631836, 5.129303216934204, 5.107192039489746, 5.127922296524048]
[59.32, 56.98, 60.99, 62.11, 62.12, 60.38, 53.95, 59.88, 60.73, 61.94, 61.39, 61.41, 58.38, 57.03, 61.36, 53.59, 63.12, 57.59, 62.87, 60.19, 58.64, 58.9, 61.19, 60.28, 57.97, 56.75, 61.68, 58.09]
[5.272546291351318, 5.079151391983032, 5.224049091339111, 5.173039674758911, 5.270096302032471, 5.306608438491821, 5.107206344604492, 5.243505477905273, 5.081331014633179, 5.096765518188477, 5.178587436676025, 5.19201922416687, 5.155179738998413, 5.112451791763306, 5.164430618286133, 5.317236423492432, 5.229053735733032, 5.2612364292144775, 5.24100136756897, 5.210659027099609, 5.073259353637695, 5.0852906703948975, 5.299265623092651, 5.097402572631836, 5.129303216934204, 5.107192039489746, 5.127922296524048, 5.161817312240601]
[59.32, 56.98, 60.99, 62.11, 62.12, 60.38, 53.95, 59.88, 60.73, 61.94, 61.39, 61.41, 58.38, 57.03, 61.36, 53.59, 63.12, 57.59, 62.87, 60.19, 58.64, 58.9, 61.19, 60.28, 57.97, 56.75, 61.68, 58.09, 62.14]
[5.272546291351318, 5.079151391983032, 5.224049091339111, 5.173039674758911, 5.270096302032471, 5.306608438491821, 5.107206344604492, 5.243505477905273, 5.081331014633179, 5.096765518188477, 5.178587436676025, 5.19201922416687, 5.155179738998413, 5.112451791763306, 5.164430618286133, 5.317236423492432, 5.229053735733032, 5.2612364292144775, 5.24100136756897, 5.210659027099609, 5.073259353637695, 5.0852906703948975, 5.299265623092651, 5.097402572631836, 5.129303216934204, 5.107192039489746, 5.127922296524048, 5.161817312240601, 5.249636173248291]
[59.32, 56.98, 60.99, 62.11, 62.12, 60.38, 53.95, 59.88, 60.73, 61.94, 61.39, 61.41, 58.38, 57.03, 61.36, 53.59, 63.12, 57.59, 62.87, 60.19, 58.64, 58.9, 61.19, 60.28, 57.97, 56.75, 61.68, 58.09, 62.14, 59.82]
[5.272546291351318, 5.079151391983032, 5.224049091339111, 5.173039674758911, 5.270096302032471, 5.306608438491821, 5.107206344604492, 5.243505477905273, 5.081331014633179, 5.096765518188477, 5.178587436676025, 5.19201922416687, 5.155179738998413, 5.112451791763306, 5.164430618286133, 5.317236423492432, 5.229053735733032, 5.2612364292144775, 5.24100136756897, 5.210659027099609, 5.073259353637695, 5.0852906703948975, 5.299265623092651, 5.097402572631836, 5.129303216934204, 5.107192039489746, 5.127922296524048, 5.161817312240601, 5.249636173248291, 5.14941668510437]
Mean Accuracy 59.693
Mean Time 5.17988870938619
Loading file :  diabetes.csv
[76.62]
[3.869699001312256]
[76.62, 73.7]
[3.869699001312256, 3.846435785293579]
[76.62, 73.7, 75.32]
[3.869699001312256, 3.846435785293579, 3.9017090797424316]
[76.62, 73.7, 75.32, 77.27]
[3.869699001312256, 3.846435785293579, 3.9017090797424316, 3.9333765506744385]
[76.62, 73.7, 75.32, 77.27, 73.05]
[3.869699001312256, 3.846435785293579, 3.9017090797424316, 3.9333765506744385, 3.834535598754883]
[76.62, 73.7, 75.32, 77.27, 73.05, 69.48]
[3.869699001312256, 3.846435785293579, 3.9017090797424316, 3.9333765506744385, 3.834535598754883, 3.767289876937866]
[76.62, 73.7, 75.32, 77.27, 73.05, 69.48, 69.81]
[3.869699001312256, 3.846435785293579, 3.9017090797424316, 3.9333765506744385, 3.834535598754883, 3.767289876937866, 3.9088385105133057]
[76.62, 73.7, 75.32, 77.27, 73.05, 69.48, 69.81, 74.68]
[3.869699001312256, 3.846435785293579, 3.9017090797424316, 3.9333765506744385, 3.834535598754883, 3.767289876937866, 3.9088385105133057, 3.807973623275757]
[76.62, 73.7, 75.32, 77.27, 73.05, 69.48, 69.81, 74.68, 73.38]
[3.869699001312256, 3.846435785293579, 3.9017090797424316, 3.9333765506744385, 3.834535598754883, 3.767289876937866, 3.9088385105133057, 3.807973623275757, 3.819131851196289]
[76.62, 73.7, 75.32, 77.27, 73.05, 69.48, 69.81, 74.68, 73.38, 75.65]
[3.869699001312256, 3.846435785293579, 3.9017090797424316, 3.9333765506744385, 3.834535598754883, 3.767289876937866, 3.9088385105133057, 3.807973623275757, 3.819131851196289, 3.906700849533081]
[76.62, 73.7, 75.32, 77.27, 73.05, 69.48, 69.81, 74.68, 73.38, 75.65, 77.27]
[3.869699001312256, 3.846435785293579, 3.9017090797424316, 3.9333765506744385, 3.834535598754883, 3.767289876937866, 3.9088385105133057, 3.807973623275757, 3.819131851196289, 3.906700849533081, 3.9496915340423584]
[76.62, 73.7, 75.32, 77.27, 73.05, 69.48, 69.81, 74.68, 73.38, 75.65, 77.27, 71.43]
[3.869699001312256, 3.846435785293579, 3.9017090797424316, 3.9333765506744385, 3.834535598754883, 3.767289876937866, 3.9088385105133057, 3.807973623275757, 3.819131851196289, 3.906700849533081, 3.9496915340423584, 3.810246229171753]
[76.62, 73.7, 75.32, 77.27, 73.05, 69.48, 69.81, 74.68, 73.38, 75.65, 77.27, 71.43, 73.7]
[3.869699001312256, 3.846435785293579, 3.9017090797424316, 3.9333765506744385, 3.834535598754883, 3.767289876937866, 3.9088385105133057, 3.807973623275757, 3.819131851196289, 3.906700849533081, 3.9496915340423584, 3.810246229171753, 3.7692646980285645]
[76.62, 73.7, 75.32, 77.27, 73.05, 69.48, 69.81, 74.68, 73.38, 75.65, 77.27, 71.43, 73.7, 69.48]
[3.869699001312256, 3.846435785293579, 3.9017090797424316, 3.9333765506744385, 3.834535598754883, 3.767289876937866, 3.9088385105133057, 3.807973623275757, 3.819131851196289, 3.906700849533081, 3.9496915340423584, 3.810246229171753, 3.7692646980285645, 3.8385169506073]
[76.62, 73.7, 75.32, 77.27, 73.05, 69.48, 69.81, 74.68, 73.38, 75.65, 77.27, 71.43, 73.7, 69.48, 70.13]
[3.869699001312256, 3.846435785293579, 3.9017090797424316, 3.9333765506744385, 3.834535598754883, 3.767289876937866, 3.9088385105133057, 3.807973623275757, 3.819131851196289, 3.906700849533081, 3.9496915340423584, 3.810246229171753, 3.7692646980285645, 3.8385169506073, 3.9396371841430664]
[76.62, 73.7, 75.32, 77.27, 73.05, 69.48, 69.81, 74.68, 73.38, 75.65, 77.27, 71.43, 73.7, 69.48, 70.13, 76.3]
[3.869699001312256, 3.846435785293579, 3.9017090797424316, 3.9333765506744385, 3.834535598754883, 3.767289876937866, 3.9088385105133057, 3.807973623275757, 3.819131851196289, 3.906700849533081, 3.9496915340423584, 3.810246229171753, 3.7692646980285645, 3.8385169506073, 3.9396371841430664, 3.813450336456299]
[76.62, 73.7, 75.32, 77.27, 73.05, 69.48, 69.81, 74.68, 73.38, 75.65, 77.27, 71.43, 73.7, 69.48, 70.13, 76.3, 73.7]
[3.869699001312256, 3.846435785293579, 3.9017090797424316, 3.9333765506744385, 3.834535598754883, 3.767289876937866, 3.9088385105133057, 3.807973623275757, 3.819131851196289, 3.906700849533081, 3.9496915340423584, 3.810246229171753, 3.7692646980285645, 3.8385169506073, 3.9396371841430664, 3.813450336456299, 3.9574897289276123]
[76.62, 73.7, 75.32, 77.27, 73.05, 69.48, 69.81, 74.68, 73.38, 75.65, 77.27, 71.43, 73.7, 69.48, 70.13, 76.3, 73.7, 73.7]
[3.869699001312256, 3.846435785293579, 3.9017090797424316, 3.9333765506744385, 3.834535598754883, 3.767289876937866, 3.9088385105133057, 3.807973623275757, 3.819131851196289, 3.906700849533081, 3.9496915340423584, 3.810246229171753, 3.7692646980285645, 3.8385169506073, 3.9396371841430664, 3.813450336456299, 3.9574897289276123, 3.942450761795044]
[76.62, 73.7, 75.32, 77.27, 73.05, 69.48, 69.81, 74.68, 73.38, 75.65, 77.27, 71.43, 73.7, 69.48, 70.13, 76.3, 73.7, 73.7, 75.32]
[3.869699001312256, 3.846435785293579, 3.9017090797424316, 3.9333765506744385, 3.834535598754883, 3.767289876937866, 3.9088385105133057, 3.807973623275757, 3.819131851196289, 3.906700849533081, 3.9496915340423584, 3.810246229171753, 3.7692646980285645, 3.8385169506073, 3.9396371841430664, 3.813450336456299, 3.9574897289276123, 3.942450761795044, 3.809556722640991]
[76.62, 73.7, 75.32, 77.27, 73.05, 69.48, 69.81, 74.68, 73.38, 75.65, 77.27, 71.43, 73.7, 69.48, 70.13, 76.3, 73.7, 73.7, 75.32, 74.03]
[3.869699001312256, 3.846435785293579, 3.9017090797424316, 3.9333765506744385, 3.834535598754883, 3.767289876937866, 3.9088385105133057, 3.807973623275757, 3.819131851196289, 3.906700849533081, 3.9496915340423584, 3.810246229171753, 3.7692646980285645, 3.8385169506073, 3.9396371841430664, 3.813450336456299, 3.9574897289276123, 3.942450761795044, 3.809556722640991, 3.942667245864868]
[76.62, 73.7, 75.32, 77.27, 73.05, 69.48, 69.81, 74.68, 73.38, 75.65, 77.27, 71.43, 73.7, 69.48, 70.13, 76.3, 73.7, 73.7, 75.32, 74.03, 71.1]
[3.869699001312256, 3.846435785293579, 3.9017090797424316, 3.9333765506744385, 3.834535598754883, 3.767289876937866, 3.9088385105133057, 3.807973623275757, 3.819131851196289, 3.906700849533081, 3.9496915340423584, 3.810246229171753, 3.7692646980285645, 3.8385169506073, 3.9396371841430664, 3.813450336456299, 3.9574897289276123, 3.942450761795044, 3.809556722640991, 3.942667245864868, 3.943246603012085]
[76.62, 73.7, 75.32, 77.27, 73.05, 69.48, 69.81, 74.68, 73.38, 75.65, 77.27, 71.43, 73.7, 69.48, 70.13, 76.3, 73.7, 73.7, 75.32, 74.03, 71.1, 77.6]
[3.869699001312256, 3.846435785293579, 3.9017090797424316, 3.9333765506744385, 3.834535598754883, 3.767289876937866, 3.9088385105133057, 3.807973623275757, 3.819131851196289, 3.906700849533081, 3.9496915340423584, 3.810246229171753, 3.7692646980285645, 3.8385169506073, 3.9396371841430664, 3.813450336456299, 3.9574897289276123, 3.942450761795044, 3.809556722640991, 3.942667245864868, 3.943246603012085, 3.871955394744873]
[76.62, 73.7, 75.32, 77.27, 73.05, 69.48, 69.81, 74.68, 73.38, 75.65, 77.27, 71.43, 73.7, 69.48, 70.13, 76.3, 73.7, 73.7, 75.32, 74.03, 71.1, 77.6, 73.38]
[3.869699001312256, 3.846435785293579, 3.9017090797424316, 3.9333765506744385, 3.834535598754883, 3.767289876937866, 3.9088385105133057, 3.807973623275757, 3.819131851196289, 3.906700849533081, 3.9496915340423584, 3.810246229171753, 3.7692646980285645, 3.8385169506073, 3.9396371841430664, 3.813450336456299, 3.9574897289276123, 3.942450761795044, 3.809556722640991, 3.942667245864868, 3.943246603012085, 3.871955394744873, 3.905137538909912]
[76.62, 73.7, 75.32, 77.27, 73.05, 69.48, 69.81, 74.68, 73.38, 75.65, 77.27, 71.43, 73.7, 69.48, 70.13, 76.3, 73.7, 73.7, 75.32, 74.03, 71.1, 77.6, 73.38, 74.68]
[3.869699001312256, 3.846435785293579, 3.9017090797424316, 3.9333765506744385, 3.834535598754883, 3.767289876937866, 3.9088385105133057, 3.807973623275757, 3.819131851196289, 3.906700849533081, 3.9496915340423584, 3.810246229171753, 3.7692646980285645, 3.8385169506073, 3.9396371841430664, 3.813450336456299, 3.9574897289276123, 3.942450761795044, 3.809556722640991, 3.942667245864868, 3.943246603012085, 3.871955394744873, 3.905137538909912, 3.9047601222991943]
[76.62, 73.7, 75.32, 77.27, 73.05, 69.48, 69.81, 74.68, 73.38, 75.65, 77.27, 71.43, 73.7, 69.48, 70.13, 76.3, 73.7, 73.7, 75.32, 74.03, 71.1, 77.6, 73.38, 74.68, 75.0]
[3.869699001312256, 3.846435785293579, 3.9017090797424316, 3.9333765506744385, 3.834535598754883, 3.767289876937866, 3.9088385105133057, 3.807973623275757, 3.819131851196289, 3.906700849533081, 3.9496915340423584, 3.810246229171753, 3.7692646980285645, 3.8385169506073, 3.9396371841430664, 3.813450336456299, 3.9574897289276123, 3.942450761795044, 3.809556722640991, 3.942667245864868, 3.943246603012085, 3.871955394744873, 3.905137538909912, 3.9047601222991943, 3.9105117321014404]
[76.62, 73.7, 75.32, 77.27, 73.05, 69.48, 69.81, 74.68, 73.38, 75.65, 77.27, 71.43, 73.7, 69.48, 70.13, 76.3, 73.7, 73.7, 75.32, 74.03, 71.1, 77.6, 73.38, 74.68, 75.0, 73.7]
[3.869699001312256, 3.846435785293579, 3.9017090797424316, 3.9333765506744385, 3.834535598754883, 3.767289876937866, 3.9088385105133057, 3.807973623275757, 3.819131851196289, 3.906700849533081, 3.9496915340423584, 3.810246229171753, 3.7692646980285645, 3.8385169506073, 3.9396371841430664, 3.813450336456299, 3.9574897289276123, 3.942450761795044, 3.809556722640991, 3.942667245864868, 3.943246603012085, 3.871955394744873, 3.905137538909912, 3.9047601222991943, 3.9105117321014404, 4.102407932281494]
[76.62, 73.7, 75.32, 77.27, 73.05, 69.48, 69.81, 74.68, 73.38, 75.65, 77.27, 71.43, 73.7, 69.48, 70.13, 76.3, 73.7, 73.7, 75.32, 74.03, 71.1, 77.6, 73.38, 74.68, 75.0, 73.7, 75.32]
[3.869699001312256, 3.846435785293579, 3.9017090797424316, 3.9333765506744385, 3.834535598754883, 3.767289876937866, 3.9088385105133057, 3.807973623275757, 3.819131851196289, 3.906700849533081, 3.9496915340423584, 3.810246229171753, 3.7692646980285645, 3.8385169506073, 3.9396371841430664, 3.813450336456299, 3.9574897289276123, 3.942450761795044, 3.809556722640991, 3.942667245864868, 3.943246603012085, 3.871955394744873, 3.905137538909912, 3.9047601222991943, 3.9105117321014404, 4.102407932281494, 3.7824931144714355]
[76.62, 73.7, 75.32, 77.27, 73.05, 69.48, 69.81, 74.68, 73.38, 75.65, 77.27, 71.43, 73.7, 69.48, 70.13, 76.3, 73.7, 73.7, 75.32, 74.03, 71.1, 77.6, 73.38, 74.68, 75.0, 73.7, 75.32, 75.97]
[3.869699001312256, 3.846435785293579, 3.9017090797424316, 3.9333765506744385, 3.834535598754883, 3.767289876937866, 3.9088385105133057, 3.807973623275757, 3.819131851196289, 3.906700849533081, 3.9496915340423584, 3.810246229171753, 3.7692646980285645, 3.8385169506073, 3.9396371841430664, 3.813450336456299, 3.9574897289276123, 3.942450761795044, 3.809556722640991, 3.942667245864868, 3.943246603012085, 3.871955394744873, 3.905137538909912, 3.9047601222991943, 3.9105117321014404, 4.102407932281494, 3.7824931144714355, 3.9169650077819824]
[76.62, 73.7, 75.32, 77.27, 73.05, 69.48, 69.81, 74.68, 73.38, 75.65, 77.27, 71.43, 73.7, 69.48, 70.13, 76.3, 73.7, 73.7, 75.32, 74.03, 71.1, 77.6, 73.38, 74.68, 75.0, 73.7, 75.32, 75.97, 66.56]
[3.869699001312256, 3.846435785293579, 3.9017090797424316, 3.9333765506744385, 3.834535598754883, 3.767289876937866, 3.9088385105133057, 3.807973623275757, 3.819131851196289, 3.906700849533081, 3.9496915340423584, 3.810246229171753, 3.7692646980285645, 3.8385169506073, 3.9396371841430664, 3.813450336456299, 3.9574897289276123, 3.942450761795044, 3.809556722640991, 3.942667245864868, 3.943246603012085, 3.871955394744873, 3.905137538909912, 3.9047601222991943, 3.9105117321014404, 4.102407932281494, 3.7824931144714355, 3.9169650077819824, 3.8721394538879395]
[76.62, 73.7, 75.32, 77.27, 73.05, 69.48, 69.81, 74.68, 73.38, 75.65, 77.27, 71.43, 73.7, 69.48, 70.13, 76.3, 73.7, 73.7, 75.32, 74.03, 71.1, 77.6, 73.38, 74.68, 75.0, 73.7, 75.32, 75.97, 66.56, 74.35]
[3.869699001312256, 3.846435785293579, 3.9017090797424316, 3.9333765506744385, 3.834535598754883, 3.767289876937866, 3.9088385105133057, 3.807973623275757, 3.819131851196289, 3.906700849533081, 3.9496915340423584, 3.810246229171753, 3.7692646980285645, 3.8385169506073, 3.9396371841430664, 3.813450336456299, 3.9574897289276123, 3.942450761795044, 3.809556722640991, 3.942667245864868, 3.943246603012085, 3.871955394744873, 3.905137538909912, 3.9047601222991943, 3.9105117321014404, 4.102407932281494, 3.7824931144714355, 3.9169650077819824, 3.8721394538879395, 3.928757905960083]
Mean Accuracy 73.72266666666667
Mean Time 3.8835678974787395
Loading file :  Liver_disorder.csv
