Estimated regression coefficients: [[-2.54405269  1.81699054 -0.49920287 -0.10127365 -0.29115303  3.74206513
  -1.86313096 -0.12716365 -0.97337487 -0.48107355  0.67409803  1.39192259
   1.47789892  0.81996347 -1.30197978]]
No. of iterations: 2000
No. of test data: 18089
[77.57]
[10.129631280899048]
Estimated regression coefficients: [[-2.40863017  1.51427142 -0.51219153 -0.19901083  0.18834753  3.1441163
  -1.66530297  0.00504418 -1.72967703 -0.62042502  0.54167551  1.90951301
   1.54388662  0.99492268 -0.45489412]]
No. of iterations: 2000
No. of test data: 18089
[77.57, 80.28]
[10.129631280899048, 10.603364706039429]
Estimated regression coefficients: [[-2.49455924  1.41467457 -0.2309017   0.23295247  0.25686886  3.63102286
  -2.13228839  0.31863233 -1.18735176  0.32768253  0.06836186  1.81894148
   1.39242327  1.18097975 -0.85422602]]
No. of iterations: 2000
No. of test data: 18089
[77.57, 80.28, 76.73]
[10.129631280899048, 10.603364706039429, 10.33590817451477]
Estimated regression coefficients: [[-1.91884734  1.5311782  -0.7649901  -0.37717961 -0.17229914  3.58186016
  -1.08096629 -0.37972098 -1.53779752  0.15943183  0.37335997  1.83675355
   0.76123355  1.52096285 -0.78199121]]
No. of iterations: 2000
No. of test data: 18089
[77.57, 80.28, 76.73, 74.77]
[10.129631280899048, 10.603364706039429, 10.33590817451477, 9.815569639205933]
Estimated regression coefficients: [[-2.9475657   1.7140894  -0.98534786 -0.44003954  0.34930088  2.9896644
  -2.48961091 -0.16557886 -1.73324103 -0.66771112  0.90291154  1.93110081
   1.09571091  0.83252573 -0.89873767]]
No. of iterations: 2000
No. of test data: 18089
[77.57, 80.28, 76.73, 74.77, 76.33]
[10.129631280899048, 10.603364706039429, 10.33590817451477, 9.815569639205933, 10.534139633178711]
Estimated regression coefficients: [[-2.53139935  1.82898425 -0.56804584 -0.08515038  0.02605529  2.9501632
  -1.96579752  0.12459378 -1.45550357 -0.45610004  0.52619102  1.63239633
   1.14585978  0.84935502 -1.14676973]]
No. of iterations: 2000
No. of test data: 18089
[77.57, 80.28, 76.73, 74.77, 76.33, 76.67]
[10.129631280899048, 10.603364706039429, 10.33590817451477, 9.815569639205933, 10.534139633178711, 10.24730634689331]
Estimated regression coefficients: [[-2.65983399  1.51127915 -1.07732363 -0.19516438 -0.53522734  2.93153796
  -2.13301587  0.18676192 -1.72057333 -0.24047054 -0.0409226   1.51859044
   1.20513852  1.08653685 -0.96541716]]
No. of iterations: 2000
No. of test data: 18089
[77.57, 80.28, 76.73, 74.77, 76.33, 76.67, 75.88]
[10.129631280899048, 10.603364706039429, 10.33590817451477, 9.815569639205933, 10.534139633178711, 10.24730634689331, 10.036563873291016]
Estimated regression coefficients: [[-2.80119297  1.60169279 -0.39684998  0.2112539  -0.20694084  3.23933109
  -1.46018944 -0.35229331 -1.50358303 -0.59032262 -0.08304782  1.6054483
   1.09829225  1.047893   -0.87947973]]
No. of iterations: 2000
No. of test data: 18089
[77.57, 80.28, 76.73, 74.77, 76.33, 76.67, 75.88, 76.08]
[10.129631280899048, 10.603364706039429, 10.33590817451477, 9.815569639205933, 10.534139633178711, 10.24730634689331, 10.036563873291016, 10.472149848937988]
Estimated regression coefficients: [[-2.11727993  1.70345472 -0.59632096 -0.30852866 -0.33318131  3.57535315
  -1.21391017 -0.17216882 -1.40581297  0.15804224  0.00476449  1.40569024
   1.26808249  1.7643246  -0.64099589]]
No. of iterations: 2000
No. of test data: 18089
[77.57, 80.28, 76.73, 74.77, 76.33, 76.67, 75.88, 76.08, 77.06]
[10.129631280899048, 10.603364706039429, 10.33590817451477, 9.815569639205933, 10.534139633178711, 10.24730634689331, 10.036563873291016, 10.472149848937988, 10.180030107498169]
Estimated regression coefficients: [[-2.80848222  1.57441644 -0.9430003  -0.58965465 -0.126091    3.43693873
  -1.79446213  0.59764405 -1.98203338 -0.06875675  0.61908581  1.50427179
   1.29193421  1.18794561 -0.97972218]]
No. of iterations: 2000
No. of test data: 18089
[77.57, 80.28, 76.73, 74.77, 76.33, 76.67, 75.88, 76.08, 77.06, 79.76]
[10.129631280899048, 10.603364706039429, 10.33590817451477, 9.815569639205933, 10.534139633178711, 10.24730634689331, 10.036563873291016, 10.472149848937988, 10.180030107498169, 9.801714658737183]
Estimated regression coefficients: [[-2.54174094  1.99532961 -0.85634245 -0.20762984 -0.10944546  3.13805421
  -1.60707702 -0.34799034 -1.07443439 -0.45543211  0.25009729  1.54241494
   1.04004532  1.04068944 -0.92901381]]
No. of iterations: 2000
No. of test data: 18089
[77.57, 80.28, 76.73, 74.77, 76.33, 76.67, 75.88, 76.08, 77.06, 79.76, 76.57]
[10.129631280899048, 10.603364706039429, 10.33590817451477, 9.815569639205933, 10.534139633178711, 10.24730634689331, 10.036563873291016, 10.472149848937988, 10.180030107498169, 9.801714658737183, 10.251276969909668]
Estimated regression coefficients: [[-2.58789129  1.79587243 -0.6435291   0.24363215  0.39105734  2.52434189
  -1.6474323   0.12402987 -2.54522208 -0.08202553  1.33855755  2.17194625
   0.96532287  1.1021514  -1.24441741]]
No. of iterations: 2000
No. of test data: 18089
[77.57, 80.28, 76.73, 74.77, 76.33, 76.67, 75.88, 76.08, 77.06, 79.76, 76.57, 80.63]
[10.129631280899048, 10.603364706039429, 10.33590817451477, 9.815569639205933, 10.534139633178711, 10.24730634689331, 10.036563873291016, 10.472149848937988, 10.180030107498169, 9.801714658737183, 10.251276969909668, 10.582366943359375]
Estimated regression coefficients: [[-2.42533723  1.17417386 -0.79053083 -0.45416781  0.15438437  3.77317537
  -2.27943902  0.66942605 -0.6714332  -0.29696127  0.41126901  1.42649835
   1.57395009  1.56335931 -0.91813608]]
No. of iterations: 2000
No. of test data: 18089
[77.57, 80.28, 76.73, 74.77, 76.33, 76.67, 75.88, 76.08, 77.06, 79.76, 76.57, 80.63, 78.49]
[10.129631280899048, 10.603364706039429, 10.33590817451477, 9.815569639205933, 10.534139633178711, 10.24730634689331, 10.036563873291016, 10.472149848937988, 10.180030107498169, 9.801714658737183, 10.251276969909668, 10.582366943359375, 10.680590867996216]
Estimated regression coefficients: [[-2.75832052  1.91855223 -0.55579282 -0.21490269 -0.25279715  3.75423622
  -1.2630664   0.14190575 -1.337826   -0.3669179   1.00018025  1.77720438
   1.23605642  1.04613003 -0.48197477]]
No. of iterations: 2000
No. of test data: 18089
[77.57, 80.28, 76.73, 74.77, 76.33, 76.67, 75.88, 76.08, 77.06, 79.76, 76.57, 80.63, 78.49, 78.0]
[10.129631280899048, 10.603364706039429, 10.33590817451477, 9.815569639205933, 10.534139633178711, 10.24730634689331, 10.036563873291016, 10.472149848937988, 10.180030107498169, 9.801714658737183, 10.251276969909668, 10.582366943359375, 10.680590867996216, 10.265156030654907]
Estimated regression coefficients: [[-2.28230717  1.70967817 -0.58284774 -0.29938279 -0.2658986   3.38820342
  -1.87164575 -0.11948229 -1.18705466 -0.36172474  0.88185265  1.1273412
   1.29271382  1.2366325  -0.52767718]]
No. of iterations: 2000
No. of test data: 18089
[77.57, 80.28, 76.73, 74.77, 76.33, 76.67, 75.88, 76.08, 77.06, 79.76, 76.57, 80.63, 78.49, 78.0, 79.14]
[10.129631280899048, 10.603364706039429, 10.33590817451477, 9.815569639205933, 10.534139633178711, 10.24730634689331, 10.036563873291016, 10.472149848937988, 10.180030107498169, 9.801714658737183, 10.251276969909668, 10.582366943359375, 10.680590867996216, 10.265156030654907, 10.396210670471191]
Estimated regression coefficients: [[-2.29795228  1.50512225 -0.87880894 -0.48434603  0.32723788  2.78612003
  -1.60240081 -0.409484   -1.02127407 -0.49006869  0.36708764  1.3333195
   1.18613522  1.17500383 -1.35453615]]
No. of iterations: 2000
No. of test data: 18089
[77.57, 80.28, 76.73, 74.77, 76.33, 76.67, 75.88, 76.08, 77.06, 79.76, 76.57, 80.63, 78.49, 78.0, 79.14, 76.27]
[10.129631280899048, 10.603364706039429, 10.33590817451477, 9.815569639205933, 10.534139633178711, 10.24730634689331, 10.036563873291016, 10.472149848937988, 10.180030107498169, 9.801714658737183, 10.251276969909668, 10.582366943359375, 10.680590867996216, 10.265156030654907, 10.396210670471191, 10.185670137405396]
Estimated regression coefficients: [[-2.25179652  1.60893629 -0.91415168  0.3950656  -0.22118668  3.03851508
  -1.86036066  0.36963113 -2.01019991 -0.15188015  0.40097051  1.5500107
   1.67715346  1.47565097 -1.14032917]]
No. of iterations: 2000
No. of test data: 18089
[77.57, 80.28, 76.73, 74.77, 76.33, 76.67, 75.88, 76.08, 77.06, 79.76, 76.57, 80.63, 78.49, 78.0, 79.14, 76.27, 79.1]
[10.129631280899048, 10.603364706039429, 10.33590817451477, 9.815569639205933, 10.534139633178711, 10.24730634689331, 10.036563873291016, 10.472149848937988, 10.180030107498169, 9.801714658737183, 10.251276969909668, 10.582366943359375, 10.680590867996216, 10.265156030654907, 10.396210670471191, 10.185670137405396, 10.414909362792969]
Estimated regression coefficients: [[-2.07310955  1.78667032 -1.08096833 -0.00920102 -0.04525927  3.46220487
  -1.50189812 -0.22750055 -1.7417339  -0.36019586  0.77527452  2.00472484
   0.72628819  1.25633366 -0.93834448]]
No. of iterations: 2000
No. of test data: 18089
[77.57, 80.28, 76.73, 74.77, 76.33, 76.67, 75.88, 76.08, 77.06, 79.76, 76.57, 80.63, 78.49, 78.0, 79.14, 76.27, 79.1, 80.39]
[10.129631280899048, 10.603364706039429, 10.33590817451477, 9.815569639205933, 10.534139633178711, 10.24730634689331, 10.036563873291016, 10.472149848937988, 10.180030107498169, 9.801714658737183, 10.251276969909668, 10.582366943359375, 10.680590867996216, 10.265156030654907, 10.396210670471191, 10.185670137405396, 10.414909362792969, 10.680832624435425]
Estimated regression coefficients: [[-2.69178647  1.6528762  -1.07453538 -0.42004097 -0.20462816  2.96138815
  -1.75266485  0.26543327 -1.63542872 -0.87246855  0.14530776  1.97620956
   1.0053531   1.08094062 -0.96875784]]
No. of iterations: 2000
No. of test data: 18089
[77.57, 80.28, 76.73, 74.77, 76.33, 76.67, 75.88, 76.08, 77.06, 79.76, 76.57, 80.63, 78.49, 78.0, 79.14, 76.27, 79.1, 80.39, 76.04]
[10.129631280899048, 10.603364706039429, 10.33590817451477, 9.815569639205933, 10.534139633178711, 10.24730634689331, 10.036563873291016, 10.472149848937988, 10.180030107498169, 9.801714658737183, 10.251276969909668, 10.582366943359375, 10.680590867996216, 10.265156030654907, 10.396210670471191, 10.185670137405396, 10.414909362792969, 10.680832624435425, 10.815836906433105]
Estimated regression coefficients: [[-2.45165715  1.73914927 -0.44719867 -0.31504234 -0.04815994  3.33660301
  -1.34098492 -0.04540855 -0.82253847 -0.30172896 -0.17355154  1.86999309
   0.96094962  1.30961775 -0.74856576]]
No. of iterations: 2000
No. of test data: 18089
[77.57, 80.28, 76.73, 74.77, 76.33, 76.67, 75.88, 76.08, 77.06, 79.76, 76.57, 80.63, 78.49, 78.0, 79.14, 76.27, 79.1, 80.39, 76.04, 78.07]
[10.129631280899048, 10.603364706039429, 10.33590817451477, 9.815569639205933, 10.534139633178711, 10.24730634689331, 10.036563873291016, 10.472149848937988, 10.180030107498169, 9.801714658737183, 10.251276969909668, 10.582366943359375, 10.680590867996216, 10.265156030654907, 10.396210670471191, 10.185670137405396, 10.414909362792969, 10.680832624435425, 10.815836906433105, 10.851279973983765]
Estimated regression coefficients: [[-2.28827378  1.82803104 -0.74389021 -0.76236224 -0.15556763  3.5163815
  -1.63483083  0.04796404 -1.69462596 -0.60603032  1.09382855  2.10046897
   1.55609046  1.67968576 -1.01709643]]
No. of iterations: 2000
No. of test data: 18089
[77.57, 80.28, 76.73, 74.77, 76.33, 76.67, 75.88, 76.08, 77.06, 79.76, 76.57, 80.63, 78.49, 78.0, 79.14, 76.27, 79.1, 80.39, 76.04, 78.07, 79.9]
[10.129631280899048, 10.603364706039429, 10.33590817451477, 9.815569639205933, 10.534139633178711, 10.24730634689331, 10.036563873291016, 10.472149848937988, 10.180030107498169, 9.801714658737183, 10.251276969909668, 10.582366943359375, 10.680590867996216, 10.265156030654907, 10.396210670471191, 10.185670137405396, 10.414909362792969, 10.680832624435425, 10.815836906433105, 10.851279973983765, 10.36450481414795]
Estimated regression coefficients: [[-2.35719598  1.57473409 -0.48269224 -0.43097144  0.68506292  3.39484933
  -1.96222809  0.41574895 -1.25179131 -0.46889473  0.33757957  2.07037694
   1.00383765  1.15253262 -0.94495011]]
No. of iterations: 2000
No. of test data: 18089
[77.57, 80.28, 76.73, 74.77, 76.33, 76.67, 75.88, 76.08, 77.06, 79.76, 76.57, 80.63, 78.49, 78.0, 79.14, 76.27, 79.1, 80.39, 76.04, 78.07, 79.9, 79.13]
[10.129631280899048, 10.603364706039429, 10.33590817451477, 9.815569639205933, 10.534139633178711, 10.24730634689331, 10.036563873291016, 10.472149848937988, 10.180030107498169, 9.801714658737183, 10.251276969909668, 10.582366943359375, 10.680590867996216, 10.265156030654907, 10.396210670471191, 10.185670137405396, 10.414909362792969, 10.680832624435425, 10.815836906433105, 10.851279973983765, 10.36450481414795, 10.463970184326172]
Estimated regression coefficients: [[-2.50512949  2.00090979 -0.12942073 -0.17338683 -0.20769326  4.0140461
  -2.21691931  0.24344933 -1.35607901 -0.28683083  0.51237523  1.8010271
   1.43215871  1.06265638 -0.97341458]]
No. of iterations: 2000
No. of test data: 18089
[77.57, 80.28, 76.73, 74.77, 76.33, 76.67, 75.88, 76.08, 77.06, 79.76, 76.57, 80.63, 78.49, 78.0, 79.14, 76.27, 79.1, 80.39, 76.04, 78.07, 79.9, 79.13, 79.65]
[10.129631280899048, 10.603364706039429, 10.33590817451477, 9.815569639205933, 10.534139633178711, 10.24730634689331, 10.036563873291016, 10.472149848937988, 10.180030107498169, 9.801714658737183, 10.251276969909668, 10.582366943359375, 10.680590867996216, 10.265156030654907, 10.396210670471191, 10.185670137405396, 10.414909362792969, 10.680832624435425, 10.815836906433105, 10.851279973983765, 10.36450481414795, 10.463970184326172, 10.640304565429688]
Estimated regression coefficients: [[-2.13275556  1.42418632 -0.55176849 -0.12976047 -0.60119765  3.51079388
  -1.948376    0.67985351 -1.55211621 -0.179034    0.92636783  1.70676351
   1.28273563  0.9209383  -0.67635768]]
No. of iterations: 2000
No. of test data: 18089
[77.57, 80.28, 76.73, 74.77, 76.33, 76.67, 75.88, 76.08, 77.06, 79.76, 76.57, 80.63, 78.49, 78.0, 79.14, 76.27, 79.1, 80.39, 76.04, 78.07, 79.9, 79.13, 79.65, 77.46]
[10.129631280899048, 10.603364706039429, 10.33590817451477, 9.815569639205933, 10.534139633178711, 10.24730634689331, 10.036563873291016, 10.472149848937988, 10.180030107498169, 9.801714658737183, 10.251276969909668, 10.582366943359375, 10.680590867996216, 10.265156030654907, 10.396210670471191, 10.185670137405396, 10.414909362792969, 10.680832624435425, 10.815836906433105, 10.851279973983765, 10.36450481414795, 10.463970184326172, 10.640304565429688, 10.459909439086914]
Estimated regression coefficients: [[-2.43129235  1.9012273  -0.69604032 -0.19733024  0.42950972  3.36200573
  -2.07258853  0.27121863 -0.93729974 -0.40764749  0.23039081  1.99620099
   1.2672358   1.1036929  -1.23164712]]
No. of iterations: 2000
No. of test data: 18089
[77.57, 80.28, 76.73, 74.77, 76.33, 76.67, 75.88, 76.08, 77.06, 79.76, 76.57, 80.63, 78.49, 78.0, 79.14, 76.27, 79.1, 80.39, 76.04, 78.07, 79.9, 79.13, 79.65, 77.46, 78.16]
[10.129631280899048, 10.603364706039429, 10.33590817451477, 9.815569639205933, 10.534139633178711, 10.24730634689331, 10.036563873291016, 10.472149848937988, 10.180030107498169, 9.801714658737183, 10.251276969909668, 10.582366943359375, 10.680590867996216, 10.265156030654907, 10.396210670471191, 10.185670137405396, 10.414909362792969, 10.680832624435425, 10.815836906433105, 10.851279973983765, 10.36450481414795, 10.463970184326172, 10.640304565429688, 10.459909439086914, 10.23057770729065]
Estimated regression coefficients: [[-2.39049668e+00  1.46014987e+00 -6.82414025e-01 -1.15906529e-01
  -2.12180231e-03  3.59796740e+00 -1.57692513e+00 -3.67739472e-01
  -1.85245449e+00 -3.27010011e-02  9.02216902e-01  1.24642109e+00
   1.08262061e+00  1.11335100e+00 -6.28975412e-01]]
No. of iterations: 2000
No. of test data: 18089
[77.57, 80.28, 76.73, 74.77, 76.33, 76.67, 75.88, 76.08, 77.06, 79.76, 76.57, 80.63, 78.49, 78.0, 79.14, 76.27, 79.1, 80.39, 76.04, 78.07, 79.9, 79.13, 79.65, 77.46, 78.16, 77.89]
[10.129631280899048, 10.603364706039429, 10.33590817451477, 9.815569639205933, 10.534139633178711, 10.24730634689331, 10.036563873291016, 10.472149848937988, 10.180030107498169, 9.801714658737183, 10.251276969909668, 10.582366943359375, 10.680590867996216, 10.265156030654907, 10.396210670471191, 10.185670137405396, 10.414909362792969, 10.680832624435425, 10.815836906433105, 10.851279973983765, 10.36450481414795, 10.463970184326172, 10.640304565429688, 10.459909439086914, 10.23057770729065, 10.348053216934204]
Estimated regression coefficients: [[-2.18362769  1.43165772 -0.50139725 -0.06814991  0.28632084  3.90366661
  -1.61418054 -0.30266735 -1.44106006 -0.47280301  0.47178959  1.7902186
   1.19906444  0.99857868 -0.7755537 ]]
No. of iterations: 2000
No. of test data: 18089
[77.57, 80.28, 76.73, 74.77, 76.33, 76.67, 75.88, 76.08, 77.06, 79.76, 76.57, 80.63, 78.49, 78.0, 79.14, 76.27, 79.1, 80.39, 76.04, 78.07, 79.9, 79.13, 79.65, 77.46, 78.16, 77.89, 79.86]
[10.129631280899048, 10.603364706039429, 10.33590817451477, 9.815569639205933, 10.534139633178711, 10.24730634689331, 10.036563873291016, 10.472149848937988, 10.180030107498169, 9.801714658737183, 10.251276969909668, 10.582366943359375, 10.680590867996216, 10.265156030654907, 10.396210670471191, 10.185670137405396, 10.414909362792969, 10.680832624435425, 10.815836906433105, 10.851279973983765, 10.36450481414795, 10.463970184326172, 10.640304565429688, 10.459909439086914, 10.23057770729065, 10.348053216934204, 10.444862842559814]
Estimated regression coefficients: [[-2.14852367  1.5883479  -0.49142091 -0.19360138  0.20964369  3.52987097
  -1.48895605  0.33908494 -1.54812846 -0.09596765  0.12871767  1.71810382
   1.37788656  0.96647656 -0.40143509]]
No. of iterations: 2000
No. of test data: 18089
[77.57, 80.28, 76.73, 74.77, 76.33, 76.67, 75.88, 76.08, 77.06, 79.76, 76.57, 80.63, 78.49, 78.0, 79.14, 76.27, 79.1, 80.39, 76.04, 78.07, 79.9, 79.13, 79.65, 77.46, 78.16, 77.89, 79.86, 73.84]
[10.129631280899048, 10.603364706039429, 10.33590817451477, 9.815569639205933, 10.534139633178711, 10.24730634689331, 10.036563873291016, 10.472149848937988, 10.180030107498169, 9.801714658737183, 10.251276969909668, 10.582366943359375, 10.680590867996216, 10.265156030654907, 10.396210670471191, 10.185670137405396, 10.414909362792969, 10.680832624435425, 10.815836906433105, 10.851279973983765, 10.36450481414795, 10.463970184326172, 10.640304565429688, 10.459909439086914, 10.23057770729065, 10.348053216934204, 10.444862842559814, 10.713637351989746]
Estimated regression coefficients: [[-2.26191749  1.93008504 -0.96672276 -0.29920514  0.05217431  3.05253666
  -1.86788853 -0.17052239 -2.24517459 -0.02321768  0.52458866  1.86609603
   1.28774767  1.07303524 -0.71645411]]
No. of iterations: 2000
No. of test data: 18089
[77.57, 80.28, 76.73, 74.77, 76.33, 76.67, 75.88, 76.08, 77.06, 79.76, 76.57, 80.63, 78.49, 78.0, 79.14, 76.27, 79.1, 80.39, 76.04, 78.07, 79.9, 79.13, 79.65, 77.46, 78.16, 77.89, 79.86, 73.84, 80.31]
[10.129631280899048, 10.603364706039429, 10.33590817451477, 9.815569639205933, 10.534139633178711, 10.24730634689331, 10.036563873291016, 10.472149848937988, 10.180030107498169, 9.801714658737183, 10.251276969909668, 10.582366943359375, 10.680590867996216, 10.265156030654907, 10.396210670471191, 10.185670137405396, 10.414909362792969, 10.680832624435425, 10.815836906433105, 10.851279973983765, 10.36450481414795, 10.463970184326172, 10.640304565429688, 10.459909439086914, 10.23057770729065, 10.348053216934204, 10.444862842559814, 10.713637351989746, 10.436545372009277]
Estimated regression coefficients: [[-2.74342449  1.28411417 -0.90629809 -0.64546938 -0.47084355  3.36592798
  -2.08118459  0.16900701 -1.09788859 -0.46829199  0.43291931  1.44285494
   1.41572329  0.72808141 -1.17691517]]
No. of iterations: 2000
No. of test data: 18089
[77.57, 80.28, 76.73, 74.77, 76.33, 76.67, 75.88, 76.08, 77.06, 79.76, 76.57, 80.63, 78.49, 78.0, 79.14, 76.27, 79.1, 80.39, 76.04, 78.07, 79.9, 79.13, 79.65, 77.46, 78.16, 77.89, 79.86, 73.84, 80.31, 75.93]
[10.129631280899048, 10.603364706039429, 10.33590817451477, 9.815569639205933, 10.534139633178711, 10.24730634689331, 10.036563873291016, 10.472149848937988, 10.180030107498169, 9.801714658737183, 10.251276969909668, 10.582366943359375, 10.680590867996216, 10.265156030654907, 10.396210670471191, 10.185670137405396, 10.414909362792969, 10.680832624435425, 10.815836906433105, 10.851279973983765, 10.36450481414795, 10.463970184326172, 10.640304565429688, 10.459909439086914, 10.23057770729065, 10.348053216934204, 10.444862842559814, 10.713637351989746, 10.436545372009277, 10.832768678665161]
Mean Accuracy 77.86533333333334
Mean Time 10.407188097635904
