Estimated regression coefficients: [[-2.06684548  1.816832   -1.54187369 -0.09422075 -0.07044966  3.3867577
  -1.50098908  0.0275126  -2.25619582  0.02819804  1.11828519  1.91091362
   1.31729758  1.09700837 -1.03999   ]]
No. of iterations: 2000
No. of test data: 18089
[78.21]
[8.567210674285889]
Estimated regression coefficients: [[-2.4951374   2.26210667 -0.66172991 -0.34737522  0.31935667  3.63666407
  -1.86631916  0.25731829 -1.80201985 -0.58599323  0.45470745  1.92698833
   1.61688363  1.15703362 -1.1551779 ]]
No. of iterations: 2000
No. of test data: 18089
[78.21, 79.82]
[8.567210674285889, 8.053135395050049]
Estimated regression coefficients: [[-2.88375343  1.67352594 -0.30188191 -0.40607682 -0.29024784  3.4768467
  -1.64099646  0.11733738 -1.33768595 -0.71445516  0.59073157  1.67295547
   0.94553237  1.2350694  -0.71372838]]
No. of iterations: 2000
No. of test data: 18089
[78.21, 79.82, 77.8]
[8.567210674285889, 8.053135395050049, 8.092991590499878]
Estimated regression coefficients: [[-2.10361423  2.08139787 -0.87510583 -0.11675624  0.61743519  3.08594212
  -1.89413832 -0.37226405 -1.17867916  0.4515346   0.58017773  1.80781266
   1.38464415  1.65251474 -0.71885978]]
No. of iterations: 2000
No. of test data: 18089
[78.21, 79.82, 77.8, 64.34]
[8.567210674285889, 8.053135395050049, 8.092991590499878, 8.124233484268188]
Estimated regression coefficients: [[-2.7233457   1.67829539 -0.50348056 -0.48246094  0.17208724  3.83741166
  -1.81703009 -0.20607141 -2.19210563 -1.15903474  1.09320438  2.39346076
   0.90970582  1.45844878 -1.21475354]]
No. of iterations: 2000
No. of test data: 18089
[78.21, 79.82, 77.8, 64.34, 78.75]
[8.567210674285889, 8.053135395050049, 8.092991590499878, 8.124233484268188, 8.033344984054565]
Estimated regression coefficients: [[-2.90975945  1.60910964 -0.91332375 -0.12939748  0.04582361  3.20601729
  -2.28874275 -0.11935857 -1.56719461 -0.74047     0.08491315  1.33750759
   1.26038785  1.35080881 -1.04878377]]
No. of iterations: 2000
No. of test data: 18089
[78.21, 79.82, 77.8, 64.34, 78.75, 75.9]
[8.567210674285889, 8.053135395050049, 8.092991590499878, 8.124233484268188, 8.033344984054565, 7.938840389251709]
Estimated regression coefficients: [[-2.68988524e+00  1.63073260e+00 -7.87796655e-01  2.39720644e-03
   1.29290835e-01  3.76318188e+00 -1.50088769e+00 -1.36678982e-01
  -1.71871711e+00 -3.79467725e-02  1.66235154e-01  1.60008275e+00
   7.71881646e-01  1.39962138e+00 -1.70267259e+00]]
No. of iterations: 2000
No. of test data: 18089
[78.21, 79.82, 77.8, 64.34, 78.75, 75.9, 77.21]
[8.567210674285889, 8.053135395050049, 8.092991590499878, 8.124233484268188, 8.033344984054565, 7.938840389251709, 7.880786657333374]
Estimated regression coefficients: [[-2.13860685  1.73703243 -1.78442535 -0.00417543  0.15684995  3.46638214
  -1.66741369  0.37496526 -1.78929328  0.23980957  0.65099528  1.59775646
   1.83926922  1.72820978 -1.1736603 ]]
No. of iterations: 2000
No. of test data: 18089
[78.21, 79.82, 77.8, 64.34, 78.75, 75.9, 77.21, 76.59]
[8.567210674285889, 8.053135395050049, 8.092991590499878, 8.124233484268188, 8.033344984054565, 7.938840389251709, 7.880786657333374, 8.109050273895264]
Estimated regression coefficients: [[-2.68355692  1.95003684 -0.54046858 -0.22835453 -0.54644751  3.46068208
  -1.66344786 -0.1234178  -1.856618   -0.3618458   0.6918503   2.1270137
   1.3740187   0.70367027 -0.9874111 ]]
No. of iterations: 2000
No. of test data: 18089
[78.21, 79.82, 77.8, 64.34, 78.75, 75.9, 77.21, 76.59, 77.47]
[8.567210674285889, 8.053135395050049, 8.092991590499878, 8.124233484268188, 8.033344984054565, 7.938840389251709, 7.880786657333374, 8.109050273895264, 8.131868600845337]
Estimated regression coefficients: [[-2.11443258  1.65587936 -0.77440541 -0.12094926 -0.14187597  4.11030979
  -1.85665601 -0.02711696 -2.04377949  0.04922247  1.19316875  1.59955955
   1.10021933  1.61925311 -0.3046367 ]]
No. of iterations: 2000
No. of test data: 18089
[78.21, 79.82, 77.8, 64.34, 78.75, 75.9, 77.21, 76.59, 77.47, 59.11]
[8.567210674285889, 8.053135395050049, 8.092991590499878, 8.124233484268188, 8.033344984054565, 7.938840389251709, 7.880786657333374, 8.109050273895264, 8.131868600845337, 8.015149116516113]
Estimated regression coefficients: [[-2.38557964e+00  1.94215680e+00 -7.65865221e-01 -3.82037909e-02
  -2.41099792e-03  3.33209152e+00 -2.07823216e+00 -3.53424044e-02
  -1.16261679e+00 -5.26954580e-01 -1.91311659e-02  1.93647912e+00
   1.53388312e+00  1.12278301e+00 -3.37334527e-01]]
No. of iterations: 2000
No. of test data: 18089
[78.21, 79.82, 77.8, 64.34, 78.75, 75.9, 77.21, 76.59, 77.47, 59.11, 78.19]
[8.567210674285889, 8.053135395050049, 8.092991590499878, 8.124233484268188, 8.033344984054565, 7.938840389251709, 7.880786657333374, 8.109050273895264, 8.131868600845337, 8.015149116516113, 8.089769840240479]
Estimated regression coefficients: [[-2.15368816  2.25353844 -0.3515693  -0.30629797 -0.67591935  3.28108707
  -1.52311973  0.01632699 -1.45877386 -0.07461536  0.11438442  1.6547914
   1.47842945  1.08315922 -0.41654865]]
No. of iterations: 2000
No. of test data: 18089
[78.21, 79.82, 77.8, 64.34, 78.75, 75.9, 77.21, 76.59, 77.47, 59.11, 78.19, 79.58]
[8.567210674285889, 8.053135395050049, 8.092991590499878, 8.124233484268188, 8.033344984054565, 7.938840389251709, 7.880786657333374, 8.109050273895264, 8.131868600845337, 8.015149116516113, 8.089769840240479, 8.133049726486206]
Estimated regression coefficients: [[-2.45702312  1.77689415 -0.73433776 -0.46622857  0.06062234  3.35480809
  -2.23114096 -0.3000536  -1.00424878 -0.36168711  0.46836039  1.77390497
   1.10844422  1.72850958 -0.33397512]]
No. of iterations: 2000
No. of test data: 18089
[78.21, 79.82, 77.8, 64.34, 78.75, 75.9, 77.21, 76.59, 77.47, 59.11, 78.19, 79.58, 79.04]
[8.567210674285889, 8.053135395050049, 8.092991590499878, 8.124233484268188, 8.033344984054565, 7.938840389251709, 7.880786657333374, 8.109050273895264, 8.131868600845337, 8.015149116516113, 8.089769840240479, 8.133049726486206, 8.000667810440063]
Estimated regression coefficients: [[-2.62034914  1.64536918 -0.19927226 -0.47848386 -0.12968083  3.64671009
  -2.26260288  0.14647391 -1.52367673 -0.22360774  0.8936703   2.29920769
   1.40642334  1.24594578 -1.60874465]]
No. of iterations: 2000
No. of test data: 18089
[78.21, 79.82, 77.8, 64.34, 78.75, 75.9, 77.21, 76.59, 77.47, 59.11, 78.19, 79.58, 79.04, 78.98]
[8.567210674285889, 8.053135395050049, 8.092991590499878, 8.124233484268188, 8.033344984054565, 7.938840389251709, 7.880786657333374, 8.109050273895264, 8.131868600845337, 8.015149116516113, 8.089769840240479, 8.133049726486206, 8.000667810440063, 8.406559944152832]
Estimated regression coefficients: [[-2.45494964  1.91889852 -1.08665528 -0.08062038 -0.09236179  3.27053421
  -2.25554889 -0.1259003  -0.59222567  0.03275811  0.34020297  1.37405686
   0.82124212  1.35757123 -1.62559116]]
No. of iterations: 2000
No. of test data: 18089
[78.21, 79.82, 77.8, 64.34, 78.75, 75.9, 77.21, 76.59, 77.47, 59.11, 78.19, 79.58, 79.04, 78.98, 76.47]
[8.567210674285889, 8.053135395050049, 8.092991590499878, 8.124233484268188, 8.033344984054565, 7.938840389251709, 7.880786657333374, 8.109050273895264, 8.131868600845337, 8.015149116516113, 8.089769840240479, 8.133049726486206, 8.000667810440063, 8.406559944152832, 7.954525709152222]
Estimated regression coefficients: [[-2.39776546  1.87406076 -0.71614618 -0.05786608  0.10026858  3.79430338
  -1.5419082  -0.06851298 -1.32643741 -0.12234462  0.48887816  1.99649182
   1.18851305  1.38540727 -1.08543211]]
No. of iterations: 2000
No. of test data: 18089
[78.21, 79.82, 77.8, 64.34, 78.75, 75.9, 77.21, 76.59, 77.47, 59.11, 78.19, 79.58, 79.04, 78.98, 76.47, 79.44]
[8.567210674285889, 8.053135395050049, 8.092991590499878, 8.124233484268188, 8.033344984054565, 7.938840389251709, 7.880786657333374, 8.109050273895264, 8.131868600845337, 8.015149116516113, 8.089769840240479, 8.133049726486206, 8.000667810440063, 8.406559944152832, 7.954525709152222, 8.019145011901855]
Estimated regression coefficients: [[-2.462432    2.18908993 -1.16443362 -0.31439895 -0.11196156  3.38725673
  -1.55954537  0.62900644 -1.42148439 -0.47064104  1.152206    1.6038272
   1.35658545  1.45220642 -0.87743721]]
No. of iterations: 2000
No. of test data: 18089
[78.21, 79.82, 77.8, 64.34, 78.75, 75.9, 77.21, 76.59, 77.47, 59.11, 78.19, 79.58, 79.04, 78.98, 76.47, 79.44, 77.62]
[8.567210674285889, 8.053135395050049, 8.092991590499878, 8.124233484268188, 8.033344984054565, 7.938840389251709, 7.880786657333374, 8.109050273895264, 8.131868600845337, 8.015149116516113, 8.089769840240479, 8.133049726486206, 8.000667810440063, 8.406559944152832, 7.954525709152222, 8.019145011901855, 7.996596097946167]
Estimated regression coefficients: [[-2.30943921  1.66524266 -0.6801185  -0.33207422 -0.24661442  3.90488256
  -1.59889583  0.5826823  -1.2068048  -1.08905333  0.81903906  2.06955275
   1.47831644  0.94682438 -0.84517431]]
No. of iterations: 2000
No. of test data: 18089
[78.21, 79.82, 77.8, 64.34, 78.75, 75.9, 77.21, 76.59, 77.47, 59.11, 78.19, 79.58, 79.04, 78.98, 76.47, 79.44, 77.62, 80.23]
[8.567210674285889, 8.053135395050049, 8.092991590499878, 8.124233484268188, 8.033344984054565, 7.938840389251709, 7.880786657333374, 8.109050273895264, 8.131868600845337, 8.015149116516113, 8.089769840240479, 8.133049726486206, 8.000667810440063, 8.406559944152832, 7.954525709152222, 8.019145011901855, 7.996596097946167, 8.081063985824585]
Estimated regression coefficients: [[-2.18857878  2.60138253 -1.03527171  0.04594532  0.30895893  3.69889855
  -1.48649156  0.22746231 -1.68579573 -0.527132    1.0475024   1.64800713
   1.64451884  1.30890019 -0.79292854]]
No. of iterations: 2000
No. of test data: 18089
[78.21, 79.82, 77.8, 64.34, 78.75, 75.9, 77.21, 76.59, 77.47, 59.11, 78.19, 79.58, 79.04, 78.98, 76.47, 79.44, 77.62, 80.23, 68.78]
[8.567210674285889, 8.053135395050049, 8.092991590499878, 8.124233484268188, 8.033344984054565, 7.938840389251709, 7.880786657333374, 8.109050273895264, 8.131868600845337, 8.015149116516113, 8.089769840240479, 8.133049726486206, 8.000667810440063, 8.406559944152832, 7.954525709152222, 8.019145011901855, 7.996596097946167, 8.081063985824585, 8.031185388565063]
Estimated regression coefficients: [[-2.72154354  1.70648649 -0.89944364 -0.21487159  0.09819032  3.54054524
  -2.05718582  0.02674173 -1.68402929 -0.19325437  0.56277287  1.58508818
   2.09744441  0.95693441 -1.04517027]]
No. of iterations: 2000
No. of test data: 18089
[78.21, 79.82, 77.8, 64.34, 78.75, 75.9, 77.21, 76.59, 77.47, 59.11, 78.19, 79.58, 79.04, 78.98, 76.47, 79.44, 77.62, 80.23, 68.78, 78.59]
[8.567210674285889, 8.053135395050049, 8.092991590499878, 8.124233484268188, 8.033344984054565, 7.938840389251709, 7.880786657333374, 8.109050273895264, 8.131868600845337, 8.015149116516113, 8.089769840240479, 8.133049726486206, 8.000667810440063, 8.406559944152832, 7.954525709152222, 8.019145011901855, 7.996596097946167, 8.081063985824585, 8.031185388565063, 8.067269086837769]
Estimated regression coefficients: [[-2.51098955  0.84540878 -0.96256064 -0.26227527 -0.19173687  3.71822133
  -2.20856874 -0.57304577 -1.60695586  0.00979076  0.79822068  1.70556754
   1.58454339  0.97716677 -0.78624265]]
No. of iterations: 2000
No. of test data: 18089
[78.21, 79.82, 77.8, 64.34, 78.75, 75.9, 77.21, 76.59, 77.47, 59.11, 78.19, 79.58, 79.04, 78.98, 76.47, 79.44, 77.62, 80.23, 68.78, 78.59, 79.07]
[8.567210674285889, 8.053135395050049, 8.092991590499878, 8.124233484268188, 8.033344984054565, 7.938840389251709, 7.880786657333374, 8.109050273895264, 8.131868600845337, 8.015149116516113, 8.089769840240479, 8.133049726486206, 8.000667810440063, 8.406559944152832, 7.954525709152222, 8.019145011901855, 7.996596097946167, 8.081063985824585, 8.031185388565063, 8.067269086837769, 8.007863759994507]
Estimated regression coefficients: [[-2.92501673  1.75964412 -1.00106242 -0.31550838 -0.41538919  3.32494288
  -1.90030575  0.25494983 -2.24886828 -0.27036512  0.48184701  1.82944897
   1.58224981  0.59130126 -0.5254115 ]]
No. of iterations: 2000
No. of test data: 18089
[78.21, 79.82, 77.8, 64.34, 78.75, 75.9, 77.21, 76.59, 77.47, 59.11, 78.19, 79.58, 79.04, 78.98, 76.47, 79.44, 77.62, 80.23, 68.78, 78.59, 79.07, 77.02]
[8.567210674285889, 8.053135395050049, 8.092991590499878, 8.124233484268188, 8.033344984054565, 7.938840389251709, 7.880786657333374, 8.109050273895264, 8.131868600845337, 8.015149116516113, 8.089769840240479, 8.133049726486206, 8.000667810440063, 8.406559944152832, 7.954525709152222, 8.019145011901855, 7.996596097946167, 8.081063985824585, 8.031185388565063, 8.067269086837769, 8.007863759994507, 7.925923109054565]
Estimated regression coefficients: [[-2.85133629  1.63931848 -1.02351442 -0.32459488 -0.0920697   3.02546957
  -1.78436389 -0.22179806 -1.38314294 -0.40672797  1.06063754  2.12431982
   1.45854795  1.05644214 -1.02283657]]
No. of iterations: 2000
No. of test data: 18089
[78.21, 79.82, 77.8, 64.34, 78.75, 75.9, 77.21, 76.59, 77.47, 59.11, 78.19, 79.58, 79.04, 78.98, 76.47, 79.44, 77.62, 80.23, 68.78, 78.59, 79.07, 77.02, 77.05]
[8.567210674285889, 8.053135395050049, 8.092991590499878, 8.124233484268188, 8.033344984054565, 7.938840389251709, 7.880786657333374, 8.109050273895264, 8.131868600845337, 8.015149116516113, 8.089769840240479, 8.133049726486206, 8.000667810440063, 8.406559944152832, 7.954525709152222, 8.019145011901855, 7.996596097946167, 8.081063985824585, 8.031185388565063, 8.067269086837769, 8.007863759994507, 7.925923109054565, 8.026131868362427]
Estimated regression coefficients: [[-2.80346053  1.73798098 -0.90582342 -0.26902711 -0.33958477  3.64114624
  -1.84315023 -0.3045902  -1.12277597 -0.29831685  0.10416368  2.04578882
   1.13530669  1.35694385 -0.84530346]]
No. of iterations: 2000
No. of test data: 18089
[78.21, 79.82, 77.8, 64.34, 78.75, 75.9, 77.21, 76.59, 77.47, 59.11, 78.19, 79.58, 79.04, 78.98, 76.47, 79.44, 77.62, 80.23, 68.78, 78.59, 79.07, 77.02, 77.05, 76.78]
[8.567210674285889, 8.053135395050049, 8.092991590499878, 8.124233484268188, 8.033344984054565, 7.938840389251709, 7.880786657333374, 8.109050273895264, 8.131868600845337, 8.015149116516113, 8.089769840240479, 8.133049726486206, 8.000667810440063, 8.406559944152832, 7.954525709152222, 8.019145011901855, 7.996596097946167, 8.081063985824585, 8.031185388565063, 8.067269086837769, 8.007863759994507, 7.925923109054565, 8.026131868362427, 8.082693099975586]
Estimated regression coefficients: [[-2.64470342  2.05452745 -0.44918283 -0.15248673  0.58598533  3.27480137
  -1.51945977  0.39927744 -1.15265026 -0.75423483  0.69532736  2.34249744
   1.5732116   1.32606095 -0.76396531]]
No. of iterations: 2000
No. of test data: 18089
[78.21, 79.82, 77.8, 64.34, 78.75, 75.9, 77.21, 76.59, 77.47, 59.11, 78.19, 79.58, 79.04, 78.98, 76.47, 79.44, 77.62, 80.23, 68.78, 78.59, 79.07, 77.02, 77.05, 76.78, 79.03]
[8.567210674285889, 8.053135395050049, 8.092991590499878, 8.124233484268188, 8.033344984054565, 7.938840389251709, 7.880786657333374, 8.109050273895264, 8.131868600845337, 8.015149116516113, 8.089769840240479, 8.133049726486206, 8.000667810440063, 8.406559944152832, 7.954525709152222, 8.019145011901855, 7.996596097946167, 8.081063985824585, 8.031185388565063, 8.067269086837769, 8.007863759994507, 7.925923109054565, 8.026131868362427, 8.082693099975586, 8.02162480354309]
Estimated regression coefficients: [[-2.7587166   1.58103866 -0.81166158 -0.00419542  0.4697729   3.49776742
  -1.73954221  0.06113784 -0.86703181 -0.26493551  0.31224431  2.13295678
   2.00691055  1.00965998 -0.57942386]]
No. of iterations: 2000
No. of test data: 18089
[78.21, 79.82, 77.8, 64.34, 78.75, 75.9, 77.21, 76.59, 77.47, 59.11, 78.19, 79.58, 79.04, 78.98, 76.47, 79.44, 77.62, 80.23, 68.78, 78.59, 79.07, 77.02, 77.05, 76.78, 79.03, 79.65]
[8.567210674285889, 8.053135395050049, 8.092991590499878, 8.124233484268188, 8.033344984054565, 7.938840389251709, 7.880786657333374, 8.109050273895264, 8.131868600845337, 8.015149116516113, 8.089769840240479, 8.133049726486206, 8.000667810440063, 8.406559944152832, 7.954525709152222, 8.019145011901855, 7.996596097946167, 8.081063985824585, 8.031185388565063, 8.067269086837769, 8.007863759994507, 7.925923109054565, 8.026131868362427, 8.082693099975586, 8.02162480354309, 7.9735493659973145]
Estimated regression coefficients: [[-2.48872029e+00  1.91580279e+00 -6.22897015e-01 -1.85735764e-03
   6.49437048e-02  3.63428679e+00 -1.57935360e+00 -3.27568657e-01
  -1.68463847e+00  2.85627241e-01  3.30305280e-01  2.16164854e+00
   1.40289809e+00  3.08168063e-01 -1.38253847e+00]]
No. of iterations: 2000
No. of test data: 18089
[78.21, 79.82, 77.8, 64.34, 78.75, 75.9, 77.21, 76.59, 77.47, 59.11, 78.19, 79.58, 79.04, 78.98, 76.47, 79.44, 77.62, 80.23, 68.78, 78.59, 79.07, 77.02, 77.05, 76.78, 79.03, 79.65, 78.71]
[8.567210674285889, 8.053135395050049, 8.092991590499878, 8.124233484268188, 8.033344984054565, 7.938840389251709, 7.880786657333374, 8.109050273895264, 8.131868600845337, 8.015149116516113, 8.089769840240479, 8.133049726486206, 8.000667810440063, 8.406559944152832, 7.954525709152222, 8.019145011901855, 7.996596097946167, 8.081063985824585, 8.031185388565063, 8.067269086837769, 8.007863759994507, 7.925923109054565, 8.026131868362427, 8.082693099975586, 8.02162480354309, 7.9735493659973145, 7.961667060852051]
Estimated regression coefficients: [[-2.37395642  1.89310113 -0.91351915 -0.33336441  0.14691482  3.43303872
  -1.57424156  0.19154878 -1.93979274 -0.37854116  0.40937574  1.68841772
   0.7977243   1.53130493 -0.54976891]]
No. of iterations: 2000
No. of test data: 18089
[78.21, 79.82, 77.8, 64.34, 78.75, 75.9, 77.21, 76.59, 77.47, 59.11, 78.19, 79.58, 79.04, 78.98, 76.47, 79.44, 77.62, 80.23, 68.78, 78.59, 79.07, 77.02, 77.05, 76.78, 79.03, 79.65, 78.71, 79.37]
[8.567210674285889, 8.053135395050049, 8.092991590499878, 8.124233484268188, 8.033344984054565, 7.938840389251709, 7.880786657333374, 8.109050273895264, 8.131868600845337, 8.015149116516113, 8.089769840240479, 8.133049726486206, 8.000667810440063, 8.406559944152832, 7.954525709152222, 8.019145011901855, 7.996596097946167, 8.081063985824585, 8.031185388565063, 8.067269086837769, 8.007863759994507, 7.925923109054565, 8.026131868362427, 8.082693099975586, 8.02162480354309, 7.9735493659973145, 7.961667060852051, 8.030338287353516]
Estimated regression coefficients: [[-2.74546072  1.91143227 -0.68760808 -0.39876946 -0.38164908  3.45772143
  -2.20217413  0.10382586 -1.41000983 -0.62058628  0.24749295  1.77871669
   1.56166161  1.95586403 -1.29088061]]
No. of iterations: 2000
No. of test data: 18089
[78.21, 79.82, 77.8, 64.34, 78.75, 75.9, 77.21, 76.59, 77.47, 59.11, 78.19, 79.58, 79.04, 78.98, 76.47, 79.44, 77.62, 80.23, 68.78, 78.59, 79.07, 77.02, 77.05, 76.78, 79.03, 79.65, 78.71, 79.37, 76.59]
[8.567210674285889, 8.053135395050049, 8.092991590499878, 8.124233484268188, 8.033344984054565, 7.938840389251709, 7.880786657333374, 8.109050273895264, 8.131868600845337, 8.015149116516113, 8.089769840240479, 8.133049726486206, 8.000667810440063, 8.406559944152832, 7.954525709152222, 8.019145011901855, 7.996596097946167, 8.081063985824585, 8.031185388565063, 8.067269086837769, 8.007863759994507, 7.925923109054565, 8.026131868362427, 8.082693099975586, 8.02162480354309, 7.9735493659973145, 7.961667060852051, 8.030338287353516, 7.904064893722534]
Estimated regression coefficients: [[-2.26878175  1.9698837  -1.26832391  0.07953388 -0.09803051  3.35150945
  -1.56523888 -0.05927631 -1.81643087 -0.37702584  1.22226341  1.88954021
   0.67800891  1.23892645 -1.15683407]]
No. of iterations: 2000
No. of test data: 18089
[78.21, 79.82, 77.8, 64.34, 78.75, 75.9, 77.21, 76.59, 77.47, 59.11, 78.19, 79.58, 79.04, 78.98, 76.47, 79.44, 77.62, 80.23, 68.78, 78.59, 79.07, 77.02, 77.05, 76.78, 79.03, 79.65, 78.71, 79.37, 76.59, 80.33]
[8.567210674285889, 8.053135395050049, 8.092991590499878, 8.124233484268188, 8.033344984054565, 7.938840389251709, 7.880786657333374, 8.109050273895264, 8.131868600845337, 8.015149116516113, 8.089769840240479, 8.133049726486206, 8.000667810440063, 8.406559944152832, 7.954525709152222, 8.019145011901855, 7.996596097946167, 8.081063985824585, 8.031185388565063, 8.067269086837769, 8.007863759994507, 7.925923109054565, 8.026131868362427, 8.082693099975586, 8.02162480354309, 7.9735493659973145, 7.961667060852051, 8.030338287353516, 7.904064893722534, 7.925653696060181]
Mean Accuracy 76.85733333333333
Mean Time 8.052865123748779
