Estimated regression coefficients: [[-2.25483895  1.75206887 -0.36437589 -0.05958485  0.24708276  2.88600794
  -1.74449546 -0.55476066 -1.45295925 -0.02235237  0.81416373  1.40967073
   1.2748189   0.82696341 -0.53843717]]
No. of iterations: 2000
No. of test data: 18089
[78.57]
[10.145403146743774]
Estimated regression coefficients: [[-2.76067248  1.57500148 -0.82727843 -0.58388751 -0.2155685   3.7270958
  -1.80656237  0.1289732  -1.34575729 -0.50483113  0.29277446  1.71186208
   1.74392635  1.16973615 -0.50553122]]
No. of iterations: 2000
No. of test data: 18089
[78.57, 78.53]
[10.145403146743774, 10.188385009765625]
Estimated regression coefficients: [[-2.11842129  1.53924464 -0.71274039 -0.32233651  0.19202806  3.63764664
  -1.58333052  0.43152112 -1.35026611  0.01208077  1.29732324  2.17198465
   1.4118633   1.21971828 -0.70068991]]
No. of iterations: 2000
No. of test data: 18089
[78.57, 78.53, 59.95]
[10.145403146743774, 10.188385009765625, 10.267980098724365]
Estimated regression coefficients: [[-2.42833989  1.51722897 -0.11262277 -0.03098439  0.73242211  3.09747798
  -1.52240286 -0.47052236 -1.04601571 -0.66934959  0.43536643  1.55585285
   1.39077074  0.87898917 -1.12655357]]
No. of iterations: 2000
No. of test data: 18089
[78.57, 78.53, 59.95, 77.91]
[10.145403146743774, 10.188385009765625, 10.267980098724365, 10.324320316314697]
Estimated regression coefficients: [[-2.14497303  1.49613396 -0.85849546 -0.2863486  -0.01120655  3.55895691
  -1.83044372 -0.15010271 -1.98661334 -0.39466653  0.92529629  1.28759047
   1.80054879  0.75578317 -0.70273183]]
No. of iterations: 2000
No. of test data: 18089
[78.57, 78.53, 59.95, 77.91, 80.24]
[10.145403146743774, 10.188385009765625, 10.267980098724365, 10.324320316314697, 10.088369846343994]
Estimated regression coefficients: [[-2.02582863  1.59148029 -0.69916144  0.0332538   0.30990929  3.89870075
  -1.71563703 -0.07500211 -2.48310072 -0.16133879  0.41462078  1.74365381
   1.09757582  1.28777279 -0.98587254]]
No. of iterations: 2000
No. of test data: 18089
[78.57, 78.53, 59.95, 77.91, 80.24, 77.23]
[10.145403146743774, 10.188385009765625, 10.267980098724365, 10.324320316314697, 10.088369846343994, 10.23781943321228]
Estimated regression coefficients: [[-2.20059705  1.55412911 -1.02913381 -0.34446634  0.43769102  3.22384135
  -1.75463815  0.39358849 -0.99254803 -0.19736193  0.54958995  1.97214782
   1.56984224  0.92876957 -1.26136124]]
No. of iterations: 2000
No. of test data: 18089
[78.57, 78.53, 59.95, 77.91, 80.24, 77.23, 79.65]
[10.145403146743774, 10.188385009765625, 10.267980098724365, 10.324320316314697, 10.088369846343994, 10.23781943321228, 10.570180654525757]
Estimated regression coefficients: [[-2.20723713  2.13763357 -0.63635764 -0.23971003 -0.09428453  3.82866442
  -1.67627694  0.36202338 -1.09772874  0.1580953   0.61844787  1.79348832
   1.37985107  0.69193099 -0.41211281]]
No. of iterations: 2000
No. of test data: 18089
[78.57, 78.53, 59.95, 77.91, 80.24, 77.23, 79.65, 64.3]
[10.145403146743774, 10.188385009765625, 10.267980098724365, 10.324320316314697, 10.088369846343994, 10.23781943321228, 10.570180654525757, 10.538378238677979]
Estimated regression coefficients: [[-2.05031437  2.28054561 -0.09397642 -0.10038221  0.14667264  3.49516796
  -1.7644102  -0.05206152 -0.39382656 -0.08142878  0.26623716  2.024118
   1.41834401  1.10659574 -0.97222582]]
No. of iterations: 2000
No. of test data: 18089
[78.57, 78.53, 59.95, 77.91, 80.24, 77.23, 79.65, 64.3, 73.24]
[10.145403146743774, 10.188385009765625, 10.267980098724365, 10.324320316314697, 10.088369846343994, 10.23781943321228, 10.570180654525757, 10.538378238677979, 10.647669792175293]
Estimated regression coefficients: [[-2.30119106  1.55967742 -0.36984566 -0.55415976  0.52195704  4.12136928
  -2.1852272  -0.09321268 -0.72860933 -0.40729277  0.74718903  2.14244982
   1.04490966  0.82720014 -1.5855295 ]]
No. of iterations: 2000
No. of test data: 18089
[78.57, 78.53, 59.95, 77.91, 80.24, 77.23, 79.65, 64.3, 73.24, 79.47]
[10.145403146743774, 10.188385009765625, 10.267980098724365, 10.324320316314697, 10.088369846343994, 10.23781943321228, 10.570180654525757, 10.538378238677979, 10.647669792175293, 10.582842111587524]
Estimated regression coefficients: [[-2.06986287  2.089453   -0.57962701  0.22986263 -0.34623646  2.89746415
  -1.84208457 -0.03310242 -1.18163825 -0.38494062  0.56227512  2.0484807
   1.52717352  0.86941769 -0.49606738]]
No. of iterations: 2000
No. of test data: 18089
[78.57, 78.53, 59.95, 77.91, 80.24, 77.23, 79.65, 64.3, 73.24, 79.47, 79.78]
[10.145403146743774, 10.188385009765625, 10.267980098724365, 10.324320316314697, 10.088369846343994, 10.23781943321228, 10.570180654525757, 10.538378238677979, 10.647669792175293, 10.582842111587524, 10.077776193618774]
Estimated regression coefficients: [[-2.30332537  1.96495052 -0.10294733 -0.48188428  0.01645047  3.0239723
  -1.71915077 -0.33356713 -1.54657462 -0.44974883  0.82812282  2.07781006
   1.46902018  1.00126408 -1.20727688]]
No. of iterations: 2000
No. of test data: 18089
[78.57, 78.53, 59.95, 77.91, 80.24, 77.23, 79.65, 64.3, 73.24, 79.47, 79.78, 78.87]
[10.145403146743774, 10.188385009765625, 10.267980098724365, 10.324320316314697, 10.088369846343994, 10.23781943321228, 10.570180654525757, 10.538378238677979, 10.647669792175293, 10.582842111587524, 10.077776193618774, 10.414254665374756]
Estimated regression coefficients: [[-2.30294117  1.56746772 -0.4529563  -0.41971681  0.04314663  3.58738358
  -1.89168757  0.14067221 -1.63244544 -0.43676628  0.69081133  1.74498033
   1.61895621  0.74318046 -0.83461668]]
No. of iterations: 2000
No. of test data: 18089
[78.57, 78.53, 59.95, 77.91, 80.24, 77.23, 79.65, 64.3, 73.24, 79.47, 79.78, 78.87, 80.42]
[10.145403146743774, 10.188385009765625, 10.267980098724365, 10.324320316314697, 10.088369846343994, 10.23781943321228, 10.570180654525757, 10.538378238677979, 10.647669792175293, 10.582842111587524, 10.077776193618774, 10.414254665374756, 10.011560916900635]
Estimated regression coefficients: [[-2.55600716  1.51570131 -0.82119273 -0.17013388  0.06655506  3.24852357
  -1.91663152 -0.15762537 -1.47344471 -0.0990164   1.18538665  1.8580796
   1.45407554  0.9106227  -0.60840578]]
No. of iterations: 2000
No. of test data: 18089
[78.57, 78.53, 59.95, 77.91, 80.24, 77.23, 79.65, 64.3, 73.24, 79.47, 79.78, 78.87, 80.42, 79.61]
[10.145403146743774, 10.188385009765625, 10.267980098724365, 10.324320316314697, 10.088369846343994, 10.23781943321228, 10.570180654525757, 10.538378238677979, 10.647669792175293, 10.582842111587524, 10.077776193618774, 10.414254665374756, 10.011560916900635, 10.34961986541748]
Estimated regression coefficients: [[-2.4422535   1.84817247 -1.23525695 -0.05874245 -0.11732413  3.06857871
  -1.97038746  0.35320495 -1.57762734 -0.10076398  0.80852189  1.41274839
   1.46577013  0.70934058 -1.29700454]]
No. of iterations: 2000
No. of test data: 18089
[78.57, 78.53, 59.95, 77.91, 80.24, 77.23, 79.65, 64.3, 73.24, 79.47, 79.78, 78.87, 80.42, 79.61, 77.88]
[10.145403146743774, 10.188385009765625, 10.267980098724365, 10.324320316314697, 10.088369846343994, 10.23781943321228, 10.570180654525757, 10.538378238677979, 10.647669792175293, 10.582842111587524, 10.077776193618774, 10.414254665374756, 10.011560916900635, 10.34961986541748, 10.171823024749756]
Estimated regression coefficients: [[-1.8749099   1.4671691  -0.46874657  0.44036133  0.1666204   3.86072134
  -1.4588939  -0.30490661 -1.24690373 -0.10077196  0.1310867   1.7480564
   1.17525168  0.59624107 -0.96921811]]
No. of iterations: 2000
No. of test data: 18089
[78.57, 78.53, 59.95, 77.91, 80.24, 77.23, 79.65, 64.3, 73.24, 79.47, 79.78, 78.87, 80.42, 79.61, 77.88, 78.97]
[10.145403146743774, 10.188385009765625, 10.267980098724365, 10.324320316314697, 10.088369846343994, 10.23781943321228, 10.570180654525757, 10.538378238677979, 10.647669792175293, 10.582842111587524, 10.077776193618774, 10.414254665374756, 10.011560916900635, 10.34961986541748, 10.171823024749756, 10.23313570022583]
Estimated regression coefficients: [[-2.8751228   1.48966752 -0.6838509  -0.53049692 -0.16157988  3.58300768
  -1.5780876  -0.04482035 -1.92360677 -0.13392784  0.52367882  1.81206841
   1.09079503  1.15454918 -0.75846532]]
No. of iterations: 2000
No. of test data: 18089
[78.57, 78.53, 59.95, 77.91, 80.24, 77.23, 79.65, 64.3, 73.24, 79.47, 79.78, 78.87, 80.42, 79.61, 77.88, 78.97, 79.47]
[10.145403146743774, 10.188385009765625, 10.267980098724365, 10.324320316314697, 10.088369846343994, 10.23781943321228, 10.570180654525757, 10.538378238677979, 10.647669792175293, 10.582842111587524, 10.077776193618774, 10.414254665374756, 10.011560916900635, 10.34961986541748, 10.171823024749756, 10.23313570022583, 10.682223796844482]
Estimated regression coefficients: [[-2.57694144  1.46472211 -0.46479435 -0.60605536 -0.35085117  3.45187145
  -2.01139858  0.10112905 -1.22800957 -0.13167544  0.56040403  1.51837968
   1.08733071  1.04897256 -0.59639539]]
No. of iterations: 2000
No. of test data: 18089
[78.57, 78.53, 59.95, 77.91, 80.24, 77.23, 79.65, 64.3, 73.24, 79.47, 79.78, 78.87, 80.42, 79.61, 77.88, 78.97, 79.47, 79.97]
[10.145403146743774, 10.188385009765625, 10.267980098724365, 10.324320316314697, 10.088369846343994, 10.23781943321228, 10.570180654525757, 10.538378238677979, 10.647669792175293, 10.582842111587524, 10.077776193618774, 10.414254665374756, 10.011560916900635, 10.34961986541748, 10.171823024749756, 10.23313570022583, 10.682223796844482, 10.078838586807251]
Estimated regression coefficients: [[-2.82565583  1.59943091 -1.02766509 -0.75127994 -0.08555547  3.29951011
  -1.94647861 -0.05346142 -1.84658648  0.10023526  0.61219862  1.64715749
   0.95882076  0.88253255 -0.44824423]]
No. of iterations: 2000
No. of test data: 18089
[78.57, 78.53, 59.95, 77.91, 80.24, 77.23, 79.65, 64.3, 73.24, 79.47, 79.78, 78.87, 80.42, 79.61, 77.88, 78.97, 79.47, 79.97, 79.82]
[10.145403146743774, 10.188385009765625, 10.267980098724365, 10.324320316314697, 10.088369846343994, 10.23781943321228, 10.570180654525757, 10.538378238677979, 10.647669792175293, 10.582842111587524, 10.077776193618774, 10.414254665374756, 10.011560916900635, 10.34961986541748, 10.171823024749756, 10.23313570022583, 10.682223796844482, 10.078838586807251, 10.216144323348999]
Estimated regression coefficients: [[-2.62165867  1.45871792 -1.43516062 -0.14930316 -0.29627236  3.26743302
  -2.1290152  -0.0798324  -1.24909789 -0.18898172  0.39949959  1.55964605
   1.33527033  0.65070019 -1.55490994]]
No. of iterations: 2000
No. of test data: 18089
[78.57, 78.53, 59.95, 77.91, 80.24, 77.23, 79.65, 64.3, 73.24, 79.47, 79.78, 78.87, 80.42, 79.61, 77.88, 78.97, 79.47, 79.97, 79.82, 75.89]
[10.145403146743774, 10.188385009765625, 10.267980098724365, 10.324320316314697, 10.088369846343994, 10.23781943321228, 10.570180654525757, 10.538378238677979, 10.647669792175293, 10.582842111587524, 10.077776193618774, 10.414254665374756, 10.011560916900635, 10.34961986541748, 10.171823024749756, 10.23313570022583, 10.682223796844482, 10.078838586807251, 10.216144323348999, 10.350327491760254]
Estimated regression coefficients: [[-2.60155481  0.89922723 -0.40275427 -0.5506627  -0.46712613  3.54523971
  -2.03903449  0.39028265 -0.99844119 -0.16347749  0.06265942  1.39417127
   1.23799478  0.69182379 -0.61332392]]
No. of iterations: 2000
No. of test data: 18089
[78.57, 78.53, 59.95, 77.91, 80.24, 77.23, 79.65, 64.3, 73.24, 79.47, 79.78, 78.87, 80.42, 79.61, 77.88, 78.97, 79.47, 79.97, 79.82, 75.89, 76.74]
[10.145403146743774, 10.188385009765625, 10.267980098724365, 10.324320316314697, 10.088369846343994, 10.23781943321228, 10.570180654525757, 10.538378238677979, 10.647669792175293, 10.582842111587524, 10.077776193618774, 10.414254665374756, 10.011560916900635, 10.34961986541748, 10.171823024749756, 10.23313570022583, 10.682223796844482, 10.078838586807251, 10.216144323348999, 10.350327491760254, 10.603333234786987]
Estimated regression coefficients: [[-2.39305506  1.9839268  -0.3859128  -0.25671348  0.04458854  3.37120458
  -1.8671683   0.1500409  -1.61789798 -0.20105676  0.53404014  1.42486161
   1.16929857  1.06971549 -0.93373874]]
No. of iterations: 2000
No. of test data: 18089
[78.57, 78.53, 59.95, 77.91, 80.24, 77.23, 79.65, 64.3, 73.24, 79.47, 79.78, 78.87, 80.42, 79.61, 77.88, 78.97, 79.47, 79.97, 79.82, 75.89, 76.74, 80.05]
[10.145403146743774, 10.188385009765625, 10.267980098724365, 10.324320316314697, 10.088369846343994, 10.23781943321228, 10.570180654525757, 10.538378238677979, 10.647669792175293, 10.582842111587524, 10.077776193618774, 10.414254665374756, 10.011560916900635, 10.34961986541748, 10.171823024749756, 10.23313570022583, 10.682223796844482, 10.078838586807251, 10.216144323348999, 10.350327491760254, 10.603333234786987, 10.615602493286133]
Estimated regression coefficients: [[-1.572302    1.71034533 -0.14367385  0.01742551  0.0259121   3.7669137
  -1.34722036  0.01749397 -1.57981979 -0.21129404  1.01424035  1.59616904
   0.83882344  1.59108076 -1.31686471]]
No. of iterations: 2000
No. of test data: 18089
[78.57, 78.53, 59.95, 77.91, 80.24, 77.23, 79.65, 64.3, 73.24, 79.47, 79.78, 78.87, 80.42, 79.61, 77.88, 78.97, 79.47, 79.97, 79.82, 75.89, 76.74, 80.05, 62.57]
[10.145403146743774, 10.188385009765625, 10.267980098724365, 10.324320316314697, 10.088369846343994, 10.23781943321228, 10.570180654525757, 10.538378238677979, 10.647669792175293, 10.582842111587524, 10.077776193618774, 10.414254665374756, 10.011560916900635, 10.34961986541748, 10.171823024749756, 10.23313570022583, 10.682223796844482, 10.078838586807251, 10.216144323348999, 10.350327491760254, 10.603333234786987, 10.615602493286133, 10.341704368591309]
Estimated regression coefficients: [[-2.53825215  1.51448366 -0.7255244  -0.16658987 -0.04756503  3.43499305
  -1.51774484 -0.01561747 -1.56239087 -0.83867306  0.55398336  1.90965882
   1.52134326  0.75717675 -0.72286644]]
No. of iterations: 2000
No. of test data: 18089
[78.57, 78.53, 59.95, 77.91, 80.24, 77.23, 79.65, 64.3, 73.24, 79.47, 79.78, 78.87, 80.42, 79.61, 77.88, 78.97, 79.47, 79.97, 79.82, 75.89, 76.74, 80.05, 62.57, 77.65]
[10.145403146743774, 10.188385009765625, 10.267980098724365, 10.324320316314697, 10.088369846343994, 10.23781943321228, 10.570180654525757, 10.538378238677979, 10.647669792175293, 10.582842111587524, 10.077776193618774, 10.414254665374756, 10.011560916900635, 10.34961986541748, 10.171823024749756, 10.23313570022583, 10.682223796844482, 10.078838586807251, 10.216144323348999, 10.350327491760254, 10.603333234786987, 10.615602493286133, 10.341704368591309, 10.076484203338623]
Estimated regression coefficients: [[-2.56569527  1.65711027 -0.7834002  -0.17252064 -0.33749459  3.63196022
  -1.94585874 -0.02530294 -1.27719512 -0.28060426  0.94228101  1.93154549
   1.4950791   0.96132666 -1.32434856]]
No. of iterations: 2000
No. of test data: 18089
[78.57, 78.53, 59.95, 77.91, 80.24, 77.23, 79.65, 64.3, 73.24, 79.47, 79.78, 78.87, 80.42, 79.61, 77.88, 78.97, 79.47, 79.97, 79.82, 75.89, 76.74, 80.05, 62.57, 77.65, 78.54]
[10.145403146743774, 10.188385009765625, 10.267980098724365, 10.324320316314697, 10.088369846343994, 10.23781943321228, 10.570180654525757, 10.538378238677979, 10.647669792175293, 10.582842111587524, 10.077776193618774, 10.414254665374756, 10.011560916900635, 10.34961986541748, 10.171823024749756, 10.23313570022583, 10.682223796844482, 10.078838586807251, 10.216144323348999, 10.350327491760254, 10.603333234786987, 10.615602493286133, 10.341704368591309, 10.076484203338623, 10.165973424911499]
Estimated regression coefficients: [[-1.93719979  2.45310048 -0.93306465 -0.5322402  -0.42843538  3.44736567
  -2.20791046 -0.22965492 -0.88782549 -0.43885771  0.78765185  1.60591803
   0.96066244  0.87132491 -1.41075905]]
No. of iterations: 2000
No. of test data: 18089
[78.57, 78.53, 59.95, 77.91, 80.24, 77.23, 79.65, 64.3, 73.24, 79.47, 79.78, 78.87, 80.42, 79.61, 77.88, 78.97, 79.47, 79.97, 79.82, 75.89, 76.74, 80.05, 62.57, 77.65, 78.54, 77.96]
[10.145403146743774, 10.188385009765625, 10.267980098724365, 10.324320316314697, 10.088369846343994, 10.23781943321228, 10.570180654525757, 10.538378238677979, 10.647669792175293, 10.582842111587524, 10.077776193618774, 10.414254665374756, 10.011560916900635, 10.34961986541748, 10.171823024749756, 10.23313570022583, 10.682223796844482, 10.078838586807251, 10.216144323348999, 10.350327491760254, 10.603333234786987, 10.615602493286133, 10.341704368591309, 10.076484203338623, 10.165973424911499, 10.302907943725586]
Estimated regression coefficients: [[-2.47744478  1.49050145 -0.59400891 -0.44076142 -0.05784795  3.76482836
  -2.42325744 -0.05769733 -0.77273493  0.09856678  0.46293063  1.90990819
   1.57316922  0.76370992 -1.0619026 ]]
No. of iterations: 2000
No. of test data: 18089
[78.57, 78.53, 59.95, 77.91, 80.24, 77.23, 79.65, 64.3, 73.24, 79.47, 79.78, 78.87, 80.42, 79.61, 77.88, 78.97, 79.47, 79.97, 79.82, 75.89, 76.74, 80.05, 62.57, 77.65, 78.54, 77.96, 79.01]
[10.145403146743774, 10.188385009765625, 10.267980098724365, 10.324320316314697, 10.088369846343994, 10.23781943321228, 10.570180654525757, 10.538378238677979, 10.647669792175293, 10.582842111587524, 10.077776193618774, 10.414254665374756, 10.011560916900635, 10.34961986541748, 10.171823024749756, 10.23313570022583, 10.682223796844482, 10.078838586807251, 10.216144323348999, 10.350327491760254, 10.603333234786987, 10.615602493286133, 10.341704368591309, 10.076484203338623, 10.165973424911499, 10.302907943725586, 10.097760438919067]
Estimated regression coefficients: [[-1.84332607  1.05634793 -0.39713987 -0.39656529  0.22219934  3.06016709
  -2.05522134  0.24323836 -1.60397379 -0.3244833   0.64106635  1.68367074
   1.17713863  1.17490563 -0.66051238]]
No. of iterations: 2000
No. of test data: 18089
[78.57, 78.53, 59.95, 77.91, 80.24, 77.23, 79.65, 64.3, 73.24, 79.47, 79.78, 78.87, 80.42, 79.61, 77.88, 78.97, 79.47, 79.97, 79.82, 75.89, 76.74, 80.05, 62.57, 77.65, 78.54, 77.96, 79.01, 77.96]
[10.145403146743774, 10.188385009765625, 10.267980098724365, 10.324320316314697, 10.088369846343994, 10.23781943321228, 10.570180654525757, 10.538378238677979, 10.647669792175293, 10.582842111587524, 10.077776193618774, 10.414254665374756, 10.011560916900635, 10.34961986541748, 10.171823024749756, 10.23313570022583, 10.682223796844482, 10.078838586807251, 10.216144323348999, 10.350327491760254, 10.603333234786987, 10.615602493286133, 10.341704368591309, 10.076484203338623, 10.165973424911499, 10.302907943725586, 10.097760438919067, 10.48938250541687]
Estimated regression coefficients: [[-2.09318862  1.27032372 -0.91548169 -0.08150019  0.4420047   3.88121925
  -1.551809    0.42160766 -1.63675021  0.01060303  0.74213354  1.82768518
   1.83315239  1.44406307 -0.6028242 ]]
No. of iterations: 2000
No. of test data: 18089
[78.57, 78.53, 59.95, 77.91, 80.24, 77.23, 79.65, 64.3, 73.24, 79.47, 79.78, 78.87, 80.42, 79.61, 77.88, 78.97, 79.47, 79.97, 79.82, 75.89, 76.74, 80.05, 62.57, 77.65, 78.54, 77.96, 79.01, 77.96, 61.05]
[10.145403146743774, 10.188385009765625, 10.267980098724365, 10.324320316314697, 10.088369846343994, 10.23781943321228, 10.570180654525757, 10.538378238677979, 10.647669792175293, 10.582842111587524, 10.077776193618774, 10.414254665374756, 10.011560916900635, 10.34961986541748, 10.171823024749756, 10.23313570022583, 10.682223796844482, 10.078838586807251, 10.216144323348999, 10.350327491760254, 10.603333234786987, 10.615602493286133, 10.341704368591309, 10.076484203338623, 10.165973424911499, 10.302907943725586, 10.097760438919067, 10.48938250541687, 10.24112606048584]
Estimated regression coefficients: [[-2.61876612  1.66072916 -0.54725857 -0.37716339  0.00772563  3.09855766
  -2.13650492 -0.54990753 -1.58261544  0.10497202  0.63301595  1.81391521
   1.44845321  2.03123463 -1.19874774]]
No. of iterations: 2000
No. of test data: 18089
[78.57, 78.53, 59.95, 77.91, 80.24, 77.23, 79.65, 64.3, 73.24, 79.47, 79.78, 78.87, 80.42, 79.61, 77.88, 78.97, 79.47, 79.97, 79.82, 75.89, 76.74, 80.05, 62.57, 77.65, 78.54, 77.96, 79.01, 77.96, 61.05, 79.08]
[10.145403146743774, 10.188385009765625, 10.267980098724365, 10.324320316314697, 10.088369846343994, 10.23781943321228, 10.570180654525757, 10.538378238677979, 10.647669792175293, 10.582842111587524, 10.077776193618774, 10.414254665374756, 10.011560916900635, 10.34961986541748, 10.171823024749756, 10.23313570022583, 10.682223796844482, 10.078838586807251, 10.216144323348999, 10.350327491760254, 10.603333234786987, 10.615602493286133, 10.341704368591309, 10.076484203338623, 10.165973424911499, 10.302907943725586, 10.097760438919067, 10.48938250541687, 10.24112606048584, 10.220947980880737]
Mean Accuracy 76.346
Mean Time 10.311075862248739
