Estimated regression coefficients: [[-1.76628925  1.59490333 -0.54555176 -0.145472    0.45063422  3.62282863
  -1.62842107  0.12464312 -1.14892835 -0.45892957  0.42742892  1.75352254
   1.08290629  1.48707105 -0.31167217]]
No. of iterations: 2000
No. of test data: 18089
[60.57]
[9.386680841445923]
Estimated regression coefficients: [[-1.89661798  1.53564223 -0.55926366 -0.21765537  0.48663156  2.89334695
  -1.89406933 -0.12708628 -1.35030574 -0.63282918  0.65482578  1.39134978
   1.12912965  0.54067049 -0.78447924]]
No. of iterations: 2000
No. of test data: 18089
[60.57, 79.42]
[9.386680841445923, 9.394488096237183]
Estimated regression coefficients: [[-2.07497679  1.33485208 -1.02737399  0.05397702 -0.14980739  3.19758252
  -1.85002406  0.36135344 -1.76654889 -0.54223383  0.88340065  1.36174342
   1.11167398  0.47139757 -0.67951378]]
No. of iterations: 2000
No. of test data: 18089
[60.57, 79.42, 80.05]
[9.386680841445923, 9.394488096237183, 9.243977785110474]
Estimated regression coefficients: [[-2.29516278  1.5556086  -0.46127951 -0.11878146  0.42674395  2.89949205
  -1.73861233  0.34352219 -1.20732784 -0.50289016  0.60106601  1.54881812
   1.07350344  1.24721642 -1.12219797]]
No. of iterations: 2000
No. of test data: 18089
[60.57, 79.42, 80.05, 79.45]
[9.386680841445923, 9.394488096237183, 9.243977785110474, 9.447402000427246]
Estimated regression coefficients: [[-1.92212501  1.88772862 -0.75408415  0.13867077  0.35750666  3.98240297
  -1.50459218  0.1181595  -1.34419533 -0.16404475  0.30676942  1.54992652
   0.80713384  0.90759351 -0.95024299]]
No. of iterations: 2000
No. of test data: 18089
[60.57, 79.42, 80.05, 79.45, 72.01]
[9.386680841445923, 9.394488096237183, 9.243977785110474, 9.447402000427246, 9.953549861907959]
Estimated regression coefficients: [[-2.13799428  1.68511628 -0.331748   -0.01146774  0.40033665  3.01257804
  -1.69151881 -0.28097187 -1.13611072 -0.34677028  1.08232438  1.35765321
   1.58670908  1.10297868 -0.72406642]]
No. of iterations: 2000
No. of test data: 18089
[60.57, 79.42, 80.05, 79.45, 72.01, 74.65]
[9.386680841445923, 9.394488096237183, 9.243977785110474, 9.447402000427246, 9.953549861907959, 9.466395854949951]
Estimated regression coefficients: [[-1.64152260e+00  1.27170378e+00 -8.31903506e-01  2.50705999e-03
  -8.56997285e-02  3.32106521e+00 -1.14740714e+00 -2.55226380e-01
  -1.53154058e+00  9.09246025e-02  3.08553990e-01  1.78421493e+00
   1.70497281e+00  1.51813803e+00 -2.68653937e-01]]
No. of iterations: 2000
No. of test data: 18089
[60.57, 79.42, 80.05, 79.45, 72.01, 74.65, 63.47]
[9.386680841445923, 9.394488096237183, 9.243977785110474, 9.447402000427246, 9.953549861907959, 9.466395854949951, 9.578988790512085]
Estimated regression coefficients: [[-1.98980276  1.13641891 -0.45308724 -0.29510556 -0.30916304  3.48535587
  -1.49636929 -0.07392291 -1.46747851 -0.44523205  0.75013788  1.70255619
   0.91220579  1.27581564 -1.02140267]]
No. of iterations: 2000
No. of test data: 18089
[60.57, 79.42, 80.05, 79.45, 72.01, 74.65, 63.47, 80.89]
[9.386680841445923, 9.394488096237183, 9.243977785110474, 9.447402000427246, 9.953549861907959, 9.466395854949951, 9.578988790512085, 9.757307529449463]
Estimated regression coefficients: [[-2.06114233  1.70654592 -0.65146728 -0.30933422  0.57510764  2.73607719
  -1.3619046   0.63822752 -1.25649398 -0.3697883  -0.14775598  1.4785784
   1.34298015  0.89700864 -0.50318472]]
No. of iterations: 2000
No. of test data: 18089
[60.57, 79.42, 80.05, 79.45, 72.01, 74.65, 63.47, 80.89, 78.39]
[9.386680841445923, 9.394488096237183, 9.243977785110474, 9.447402000427246, 9.953549861907959, 9.466395854949951, 9.578988790512085, 9.757307529449463, 9.498702049255371]
Estimated regression coefficients: [[-1.56822439  1.64184195 -0.74446365 -0.34245585  0.15959875  3.45876507
  -1.52619146  0.18193096 -1.87053507 -0.73952529  0.22801151  1.98584316
   0.59928197  1.02567457 -0.80286613]]
No. of iterations: 2000
No. of test data: 18089
[60.57, 79.42, 80.05, 79.45, 72.01, 74.65, 63.47, 80.89, 78.39, 79.69]
[9.386680841445923, 9.394488096237183, 9.243977785110474, 9.447402000427246, 9.953549861907959, 9.466395854949951, 9.578988790512085, 9.757307529449463, 9.498702049255371, 9.729585647583008]
Estimated regression coefficients: [[-2.28491889  1.35549768 -0.48361624 -0.54616467  0.2556308   3.25522437
  -1.58127483 -0.07452963 -1.07356984 -0.21345808  1.07732836  1.43750677
   1.28636218  0.87327    -0.92581111]]
No. of iterations: 2000
No. of test data: 18089
[60.57, 79.42, 80.05, 79.45, 72.01, 74.65, 63.47, 80.89, 78.39, 79.69, 78.87]
[9.386680841445923, 9.394488096237183, 9.243977785110474, 9.447402000427246, 9.953549861907959, 9.466395854949951, 9.578988790512085, 9.757307529449463, 9.498702049255371, 9.729585647583008, 9.62758493423462]
Estimated regression coefficients: [[-2.17247438  1.35650009 -0.58602839 -0.3075707   0.1321672   3.02213902
  -1.75414396  0.01806299 -1.50628875  0.00615616  0.73875097  1.35917579
   1.80026368  0.50507252 -1.04718154]]
No. of iterations: 2000
No. of test data: 18089
[60.57, 79.42, 80.05, 79.45, 72.01, 74.65, 63.47, 80.89, 78.39, 79.69, 78.87, 79.99]
[9.386680841445923, 9.394488096237183, 9.243977785110474, 9.447402000427246, 9.953549861907959, 9.466395854949951, 9.578988790512085, 9.757307529449463, 9.498702049255371, 9.729585647583008, 9.62758493423462, 9.663502931594849]
Estimated regression coefficients: [[-2.25435241  1.50221337 -0.56155581 -0.31247366 -0.32792228  3.67742978
  -2.1167298   0.02249216 -1.3496417  -0.14423898  0.61010835  1.7940297
   1.28762628  1.26331059 -0.78347001]]
No. of iterations: 2000
No. of test data: 18089
[60.57, 79.42, 80.05, 79.45, 72.01, 74.65, 63.47, 80.89, 78.39, 79.69, 78.87, 79.99, 79.98]
[9.386680841445923, 9.394488096237183, 9.243977785110474, 9.447402000427246, 9.953549861907959, 9.466395854949951, 9.578988790512085, 9.757307529449463, 9.498702049255371, 9.729585647583008, 9.62758493423462, 9.663502931594849, 10.09304666519165]
Estimated regression coefficients: [[-2.05630939  2.04432293 -0.83922292 -0.15675018  0.04982278  2.91500161
  -1.74836914 -0.04749859 -1.16577595 -0.10169847  0.41921847  1.47811035
   0.84613665  1.03661066 -1.17722296]]
No. of iterations: 2000
No. of test data: 18089
[60.57, 79.42, 80.05, 79.45, 72.01, 74.65, 63.47, 80.89, 78.39, 79.69, 78.87, 79.99, 79.98, 78.84]
[9.386680841445923, 9.394488096237183, 9.243977785110474, 9.447402000427246, 9.953549861907959, 9.466395854949951, 9.578988790512085, 9.757307529449463, 9.498702049255371, 9.729585647583008, 9.62758493423462, 9.663502931594849, 10.09304666519165, 9.19926929473877]
Estimated regression coefficients: [[-1.81832916  1.35469273 -0.98894672 -0.32014771 -0.07745491  3.04759432
  -1.49317041  0.8170341  -1.54765388 -0.2911313   0.89009587  1.68650261
   1.33230161  1.20493878 -0.8548417 ]]
No. of iterations: 2000
No. of test data: 18089
[60.57, 79.42, 80.05, 79.45, 72.01, 74.65, 63.47, 80.89, 78.39, 79.69, 78.87, 79.99, 79.98, 78.84, 75.19]
[9.386680841445923, 9.394488096237183, 9.243977785110474, 9.447402000427246, 9.953549861907959, 9.466395854949951, 9.578988790512085, 9.757307529449463, 9.498702049255371, 9.729585647583008, 9.62758493423462, 9.663502931594849, 10.09304666519165, 9.19926929473877, 10.17153263092041]
Estimated regression coefficients: [[-2.39663833  2.38814172 -0.5384473  -0.38316742  0.01268733  3.17920638
  -1.17975285 -0.19382879 -1.53996596  0.14722851  0.51905639  1.69089301
   1.57117392  1.1043181  -1.26034237]]
No. of iterations: 2000
No. of test data: 18089
[60.57, 79.42, 80.05, 79.45, 72.01, 74.65, 63.47, 80.89, 78.39, 79.69, 78.87, 79.99, 79.98, 78.84, 75.19, 79.98]
[9.386680841445923, 9.394488096237183, 9.243977785110474, 9.447402000427246, 9.953549861907959, 9.466395854949951, 9.578988790512085, 9.757307529449463, 9.498702049255371, 9.729585647583008, 9.62758493423462, 9.663502931594849, 10.09304666519165, 9.19926929473877, 10.17153263092041, 9.451645612716675]
Estimated regression coefficients: [[-1.91912999  1.84676335 -0.52928662 -0.24597669 -0.06402123  3.15874582
  -2.02172673  0.14789566 -2.01779717  0.03782938  0.47271896  1.41013502
   1.14996782  0.53292476 -0.36956649]]
No. of iterations: 2000
No. of test data: 18089
[60.57, 79.42, 80.05, 79.45, 72.01, 74.65, 63.47, 80.89, 78.39, 79.69, 78.87, 79.99, 79.98, 78.84, 75.19, 79.98, 76.34]
[9.386680841445923, 9.394488096237183, 9.243977785110474, 9.447402000427246, 9.953549861907959, 9.466395854949951, 9.578988790512085, 9.757307529449463, 9.498702049255371, 9.729585647583008, 9.62758493423462, 9.663502931594849, 10.09304666519165, 9.19926929473877, 10.17153263092041, 9.451645612716675, 9.587501525878906]
Estimated regression coefficients: [[-2.10564661  2.11071432 -0.25549844 -0.54417961 -0.17029961  2.68641086
  -1.43058769  0.3738961  -1.7703381  -0.0211742   0.31672394  1.13894352
   1.04206261  1.19028303 -0.3457465 ]]
No. of iterations: 2000
No. of test data: 18089
[60.57, 79.42, 80.05, 79.45, 72.01, 74.65, 63.47, 80.89, 78.39, 79.69, 78.87, 79.99, 79.98, 78.84, 75.19, 79.98, 76.34, 76.17]
[9.386680841445923, 9.394488096237183, 9.243977785110474, 9.447402000427246, 9.953549861907959, 9.466395854949951, 9.578988790512085, 9.757307529449463, 9.498702049255371, 9.729585647583008, 9.62758493423462, 9.663502931594849, 10.09304666519165, 9.19926929473877, 10.17153263092041, 9.451645612716675, 9.587501525878906, 9.55052375793457]
Estimated regression coefficients: [[-2.32329176  1.3237982  -0.81487222  0.04545064 -0.20147669  2.65990273
  -1.90856716  0.34464125 -2.04079727 -0.9280519   0.12086437  1.31747324
   0.83121016  0.9596522  -1.15554115]]
No. of iterations: 2000
No. of test data: 18089
[60.57, 79.42, 80.05, 79.45, 72.01, 74.65, 63.47, 80.89, 78.39, 79.69, 78.87, 79.99, 79.98, 78.84, 75.19, 79.98, 76.34, 76.17, 75.78]
[9.386680841445923, 9.394488096237183, 9.243977785110474, 9.447402000427246, 9.953549861907959, 9.466395854949951, 9.578988790512085, 9.757307529449463, 9.498702049255371, 9.729585647583008, 9.62758493423462, 9.663502931594849, 10.09304666519165, 9.19926929473877, 10.17153263092041, 9.451645612716675, 9.587501525878906, 9.55052375793457, 9.76191234588623]
Estimated regression coefficients: [[-1.91870533  1.64146428 -0.5806608  -0.06809892  0.04565635  3.2636472
  -1.46300691 -0.4329153  -1.23321035  0.208308    0.81715229  1.66785913
   1.32938913  1.68360615 -0.39212676]]
No. of iterations: 2000
No. of test data: 18089
[60.57, 79.42, 80.05, 79.45, 72.01, 74.65, 63.47, 80.89, 78.39, 79.69, 78.87, 79.99, 79.98, 78.84, 75.19, 79.98, 76.34, 76.17, 75.78, 59.52]
[9.386680841445923, 9.394488096237183, 9.243977785110474, 9.447402000427246, 9.953549861907959, 9.466395854949951, 9.578988790512085, 9.757307529449463, 9.498702049255371, 9.729585647583008, 9.62758493423462, 9.663502931594849, 10.09304666519165, 9.19926929473877, 10.17153263092041, 9.451645612716675, 9.587501525878906, 9.55052375793457, 9.76191234588623, 9.859690189361572]
Estimated regression coefficients: [[-2.11534155  1.7206157  -0.5231952   0.02348308  0.22556999  2.6791499
  -1.86600509  0.29749016 -2.00727162 -0.4512341   1.3121262   1.71859185
   1.33521962  0.787771   -0.88072833]]
No. of iterations: 2000
No. of test data: 18089
[60.57, 79.42, 80.05, 79.45, 72.01, 74.65, 63.47, 80.89, 78.39, 79.69, 78.87, 79.99, 79.98, 78.84, 75.19, 79.98, 76.34, 76.17, 75.78, 59.52, 78.95]
[9.386680841445923, 9.394488096237183, 9.243977785110474, 9.447402000427246, 9.953549861907959, 9.466395854949951, 9.578988790512085, 9.757307529449463, 9.498702049255371, 9.729585647583008, 9.62758493423462, 9.663502931594849, 10.09304666519165, 9.19926929473877, 10.17153263092041, 9.451645612716675, 9.587501525878906, 9.55052375793457, 9.76191234588623, 9.859690189361572, 9.710261583328247]
Estimated regression coefficients: [[-1.862457    1.76767688 -0.78776674 -0.41763257  0.30974353  3.03903379
  -1.96635205  0.05087999 -1.19802125 -0.32977106  0.53620766  1.23967361
   1.1952309   0.94998692 -0.92881602]]
No. of iterations: 2000
No. of test data: 18089
[60.57, 79.42, 80.05, 79.45, 72.01, 74.65, 63.47, 80.89, 78.39, 79.69, 78.87, 79.99, 79.98, 78.84, 75.19, 79.98, 76.34, 76.17, 75.78, 59.52, 78.95, 79.31]
[9.386680841445923, 9.394488096237183, 9.243977785110474, 9.447402000427246, 9.953549861907959, 9.466395854949951, 9.578988790512085, 9.757307529449463, 9.498702049255371, 9.729585647583008, 9.62758493423462, 9.663502931594849, 10.09304666519165, 9.19926929473877, 10.17153263092041, 9.451645612716675, 9.587501525878906, 9.55052375793457, 9.76191234588623, 9.859690189361572, 9.710261583328247, 9.691251993179321]
Estimated regression coefficients: [[-1.89903769  1.33879033 -0.36450145 -0.58188872  0.02909516  2.87982329
  -1.64200276 -0.52010957 -0.88346324 -0.37496634  0.38266904  1.41126464
   0.92465861  0.3080263  -0.96511722]]
No. of iterations: 2000
No. of test data: 18089
[60.57, 79.42, 80.05, 79.45, 72.01, 74.65, 63.47, 80.89, 78.39, 79.69, 78.87, 79.99, 79.98, 78.84, 75.19, 79.98, 76.34, 76.17, 75.78, 59.52, 78.95, 79.31, 76.53]
[9.386680841445923, 9.394488096237183, 9.243977785110474, 9.447402000427246, 9.953549861907959, 9.466395854949951, 9.578988790512085, 9.757307529449463, 9.498702049255371, 9.729585647583008, 9.62758493423462, 9.663502931594849, 10.09304666519165, 9.19926929473877, 10.17153263092041, 9.451645612716675, 9.587501525878906, 9.55052375793457, 9.76191234588623, 9.859690189361572, 9.710261583328247, 9.691251993179321, 10.018320322036743]
Estimated regression coefficients: [[-2.32718999  1.74750067 -0.59635976 -0.21096072  0.59669742  2.80671384
  -1.59637098 -0.15865044 -1.21179576 -0.39494654  0.37986961  1.64783292
   0.99636889  0.69979174 -0.80649208]]
No. of iterations: 2000
No. of test data: 18089
[60.57, 79.42, 80.05, 79.45, 72.01, 74.65, 63.47, 80.89, 78.39, 79.69, 78.87, 79.99, 79.98, 78.84, 75.19, 79.98, 76.34, 76.17, 75.78, 59.52, 78.95, 79.31, 76.53, 78.44]
[9.386680841445923, 9.394488096237183, 9.243977785110474, 9.447402000427246, 9.953549861907959, 9.466395854949951, 9.578988790512085, 9.757307529449463, 9.498702049255371, 9.729585647583008, 9.62758493423462, 9.663502931594849, 10.09304666519165, 9.19926929473877, 10.17153263092041, 9.451645612716675, 9.587501525878906, 9.55052375793457, 9.76191234588623, 9.859690189361572, 9.710261583328247, 9.691251993179321, 10.018320322036743, 9.59138536453247]
Estimated regression coefficients: [[-1.68004758  1.65353547 -0.63928032 -0.31548015 -0.00307737  2.56733165
  -1.68038269 -0.32377955 -1.34639042 -0.354923    0.35093662  1.50093945
   1.48698294  1.01193834 -1.02570026]]
No. of iterations: 2000
No. of test data: 18089
[60.57, 79.42, 80.05, 79.45, 72.01, 74.65, 63.47, 80.89, 78.39, 79.69, 78.87, 79.99, 79.98, 78.84, 75.19, 79.98, 76.34, 76.17, 75.78, 59.52, 78.95, 79.31, 76.53, 78.44, 77.78]
[9.386680841445923, 9.394488096237183, 9.243977785110474, 9.447402000427246, 9.953549861907959, 9.466395854949951, 9.578988790512085, 9.757307529449463, 9.498702049255371, 9.729585647583008, 9.62758493423462, 9.663502931594849, 10.09304666519165, 9.19926929473877, 10.17153263092041, 9.451645612716675, 9.587501525878906, 9.55052375793457, 9.76191234588623, 9.859690189361572, 9.710261583328247, 9.691251993179321, 10.018320322036743, 9.59138536453247, 9.639288902282715]
Estimated regression coefficients: [[-1.62519684  1.32664935 -0.96773288 -0.17476783  0.23447693  3.61672874
  -1.52559179  0.03681481 -0.59905419 -0.2196039   0.3835251   1.44979534
   1.04781258  1.09940084 -0.17885511]]
No. of iterations: 2000
No. of test data: 18089
[60.57, 79.42, 80.05, 79.45, 72.01, 74.65, 63.47, 80.89, 78.39, 79.69, 78.87, 79.99, 79.98, 78.84, 75.19, 79.98, 76.34, 76.17, 75.78, 59.52, 78.95, 79.31, 76.53, 78.44, 77.78, 58.33]
[9.386680841445923, 9.394488096237183, 9.243977785110474, 9.447402000427246, 9.953549861907959, 9.466395854949951, 9.578988790512085, 9.757307529449463, 9.498702049255371, 9.729585647583008, 9.62758493423462, 9.663502931594849, 10.09304666519165, 9.19926929473877, 10.17153263092041, 9.451645612716675, 9.587501525878906, 9.55052375793457, 9.76191234588623, 9.859690189361572, 9.710261583328247, 9.691251993179321, 10.018320322036743, 9.59138536453247, 9.639288902282715, 9.47894835472107]
Estimated regression coefficients: [[-2.03535012  1.58247682 -0.7009221  -0.17107631 -0.36234351  3.41084167
  -1.7298535   0.27850527 -1.38372862 -0.70682063  0.46540168  1.48583482
   0.99642305  0.78775436 -0.91959819]]
No. of iterations: 2000
No. of test data: 18089
[60.57, 79.42, 80.05, 79.45, 72.01, 74.65, 63.47, 80.89, 78.39, 79.69, 78.87, 79.99, 79.98, 78.84, 75.19, 79.98, 76.34, 76.17, 75.78, 59.52, 78.95, 79.31, 76.53, 78.44, 77.78, 58.33, 78.15]
[9.386680841445923, 9.394488096237183, 9.243977785110474, 9.447402000427246, 9.953549861907959, 9.466395854949951, 9.578988790512085, 9.757307529449463, 9.498702049255371, 9.729585647583008, 9.62758493423462, 9.663502931594849, 10.09304666519165, 9.19926929473877, 10.17153263092041, 9.451645612716675, 9.587501525878906, 9.55052375793457, 9.76191234588623, 9.859690189361572, 9.710261583328247, 9.691251993179321, 10.018320322036743, 9.59138536453247, 9.639288902282715, 9.47894835472107, 9.883965730667114]
Estimated regression coefficients: [[-2.54821573  1.59215184 -0.66624882 -0.02126567 -0.28114587  3.05931925
  -1.5034702   0.12583008 -1.10933822 -0.12183363 -0.1884429   1.85772893
   1.25775143  0.71288216 -0.8347046 ]]
No. of iterations: 2000
No. of test data: 18089
[60.57, 79.42, 80.05, 79.45, 72.01, 74.65, 63.47, 80.89, 78.39, 79.69, 78.87, 79.99, 79.98, 78.84, 75.19, 79.98, 76.34, 76.17, 75.78, 59.52, 78.95, 79.31, 76.53, 78.44, 77.78, 58.33, 78.15, 76.31]
[9.386680841445923, 9.394488096237183, 9.243977785110474, 9.447402000427246, 9.953549861907959, 9.466395854949951, 9.578988790512085, 9.757307529449463, 9.498702049255371, 9.729585647583008, 9.62758493423462, 9.663502931594849, 10.09304666519165, 9.19926929473877, 10.17153263092041, 9.451645612716675, 9.587501525878906, 9.55052375793457, 9.76191234588623, 9.859690189361572, 9.710261583328247, 9.691251993179321, 10.018320322036743, 9.59138536453247, 9.639288902282715, 9.47894835472107, 9.883965730667114, 9.738720893859863]
Estimated regression coefficients: [[-2.13819927  1.62812586 -0.07276314 -0.04485578  0.29437699  2.39078086
  -1.44117855  0.23567297 -1.34906187 -0.32071995  0.46752618  1.38102267
   1.1914584   1.20433315 -0.96590443]]
No. of iterations: 2000
No. of test data: 18089
[60.57, 79.42, 80.05, 79.45, 72.01, 74.65, 63.47, 80.89, 78.39, 79.69, 78.87, 79.99, 79.98, 78.84, 75.19, 79.98, 76.34, 76.17, 75.78, 59.52, 78.95, 79.31, 76.53, 78.44, 77.78, 58.33, 78.15, 76.31, 79.62]
[9.386680841445923, 9.394488096237183, 9.243977785110474, 9.447402000427246, 9.953549861907959, 9.466395854949951, 9.578988790512085, 9.757307529449463, 9.498702049255371, 9.729585647583008, 9.62758493423462, 9.663502931594849, 10.09304666519165, 9.19926929473877, 10.17153263092041, 9.451645612716675, 9.587501525878906, 9.55052375793457, 9.76191234588623, 9.859690189361572, 9.710261583328247, 9.691251993179321, 10.018320322036743, 9.59138536453247, 9.639288902282715, 9.47894835472107, 9.883965730667114, 9.738720893859863, 9.813061952590942]
Estimated regression coefficients: [[-1.97705494  1.75060732 -0.09970564 -0.03006448  0.1914842   3.70599913
  -1.96716314 -0.55864632 -1.52366383 -0.19289727  0.88660499  1.30853883
   1.4774658   0.59900355 -1.07240342]]
No. of iterations: 2000
No. of test data: 18089
[60.57, 79.42, 80.05, 79.45, 72.01, 74.65, 63.47, 80.89, 78.39, 79.69, 78.87, 79.99, 79.98, 78.84, 75.19, 79.98, 76.34, 76.17, 75.78, 59.52, 78.95, 79.31, 76.53, 78.44, 77.78, 58.33, 78.15, 76.31, 79.62, 77.35]
[9.386680841445923, 9.394488096237183, 9.243977785110474, 9.447402000427246, 9.953549861907959, 9.466395854949951, 9.578988790512085, 9.757307529449463, 9.498702049255371, 9.729585647583008, 9.62758493423462, 9.663502931594849, 10.09304666519165, 9.19926929473877, 10.17153263092041, 9.451645612716675, 9.587501525878906, 9.55052375793457, 9.76191234588623, 9.859690189361572, 9.710261583328247, 9.691251993179321, 10.018320322036743, 9.59138536453247, 9.639288902282715, 9.47894835472107, 9.883965730667114, 9.738720893859863, 9.813061952590942, 9.752597093582153]
Mean Accuracy 75.66733333333333
Mean Time 9.658036351203918
