Loading file :  bc.csv
[92.98]
[6.4706871509552]
[92.98, 86.4]
[6.4706871509552, 6.222184181213379]
[92.98, 86.4, 94.74]
[6.4706871509552, 6.222184181213379, 5.829355001449585]
[92.98, 86.4, 94.74, 93.42]
[6.4706871509552, 6.222184181213379, 5.829355001449585, 6.038793325424194]
[92.98, 86.4, 94.74, 93.42, 92.98]
[6.4706871509552, 6.222184181213379, 5.829355001449585, 6.038793325424194, 6.195623159408569]
[92.98, 86.4, 94.74, 93.42, 92.98, 94.3]
[6.4706871509552, 6.222184181213379, 5.829355001449585, 6.038793325424194, 6.195623159408569, 5.792049407958984]
[92.98, 86.4, 94.74, 93.42, 92.98, 94.3, 92.11]
[6.4706871509552, 6.222184181213379, 5.829355001449585, 6.038793325424194, 6.195623159408569, 5.792049407958984, 5.978653430938721]
[92.98, 86.4, 94.74, 93.42, 92.98, 94.3, 92.11, 93.42]
[6.4706871509552, 6.222184181213379, 5.829355001449585, 6.038793325424194, 6.195623159408569, 5.792049407958984, 5.978653430938721, 6.30003809928894]
[92.98, 86.4, 94.74, 93.42, 92.98, 94.3, 92.11, 93.42, 92.98]
[6.4706871509552, 6.222184181213379, 5.829355001449585, 6.038793325424194, 6.195623159408569, 5.792049407958984, 5.978653430938721, 6.30003809928894, 6.259803533554077]
[92.98, 86.4, 94.74, 93.42, 92.98, 94.3, 92.11, 93.42, 92.98, 92.11]
[6.4706871509552, 6.222184181213379, 5.829355001449585, 6.038793325424194, 6.195623159408569, 5.792049407958984, 5.978653430938721, 6.30003809928894, 6.259803533554077, 5.879353761672974]
[92.98, 86.4, 94.74, 93.42, 92.98, 94.3, 92.11, 93.42, 92.98, 92.11, 91.23]
[6.4706871509552, 6.222184181213379, 5.829355001449585, 6.038793325424194, 6.195623159408569, 5.792049407958984, 5.978653430938721, 6.30003809928894, 6.259803533554077, 5.879353761672974, 5.611664772033691]
[92.98, 86.4, 94.74, 93.42, 92.98, 94.3, 92.11, 93.42, 92.98, 92.11, 91.23, 92.98]
[6.4706871509552, 6.222184181213379, 5.829355001449585, 6.038793325424194, 6.195623159408569, 5.792049407958984, 5.978653430938721, 6.30003809928894, 6.259803533554077, 5.879353761672974, 5.611664772033691, 5.764786005020142]
[92.98, 86.4, 94.74, 93.42, 92.98, 94.3, 92.11, 93.42, 92.98, 92.11, 91.23, 92.98, 92.54]
[6.4706871509552, 6.222184181213379, 5.829355001449585, 6.038793325424194, 6.195623159408569, 5.792049407958984, 5.978653430938721, 6.30003809928894, 6.259803533554077, 5.879353761672974, 5.611664772033691, 5.764786005020142, 6.3570520877838135]
[92.98, 86.4, 94.74, 93.42, 92.98, 94.3, 92.11, 93.42, 92.98, 92.11, 91.23, 92.98, 92.54, 91.67]
[6.4706871509552, 6.222184181213379, 5.829355001449585, 6.038793325424194, 6.195623159408569, 5.792049407958984, 5.978653430938721, 6.30003809928894, 6.259803533554077, 5.879353761672974, 5.611664772033691, 5.764786005020142, 6.3570520877838135, 5.6820807456970215]
[92.98, 86.4, 94.74, 93.42, 92.98, 94.3, 92.11, 93.42, 92.98, 92.11, 91.23, 92.98, 92.54, 91.67, 93.86]
[6.4706871509552, 6.222184181213379, 5.829355001449585, 6.038793325424194, 6.195623159408569, 5.792049407958984, 5.978653430938721, 6.30003809928894, 6.259803533554077, 5.879353761672974, 5.611664772033691, 5.764786005020142, 6.3570520877838135, 5.6820807456970215, 6.290238618850708]
[92.98, 86.4, 94.74, 93.42, 92.98, 94.3, 92.11, 93.42, 92.98, 92.11, 91.23, 92.98, 92.54, 91.67, 93.86, 91.67]
[6.4706871509552, 6.222184181213379, 5.829355001449585, 6.038793325424194, 6.195623159408569, 5.792049407958984, 5.978653430938721, 6.30003809928894, 6.259803533554077, 5.879353761672974, 5.611664772033691, 5.764786005020142, 6.3570520877838135, 5.6820807456970215, 6.290238618850708, 6.419678449630737]
[92.98, 86.4, 94.74, 93.42, 92.98, 94.3, 92.11, 93.42, 92.98, 92.11, 91.23, 92.98, 92.54, 91.67, 93.86, 91.67, 93.42]
[6.4706871509552, 6.222184181213379, 5.829355001449585, 6.038793325424194, 6.195623159408569, 5.792049407958984, 5.978653430938721, 6.30003809928894, 6.259803533554077, 5.879353761672974, 5.611664772033691, 5.764786005020142, 6.3570520877838135, 5.6820807456970215, 6.290238618850708, 6.419678449630737, 6.230372905731201]
[92.98, 86.4, 94.74, 93.42, 92.98, 94.3, 92.11, 93.42, 92.98, 92.11, 91.23, 92.98, 92.54, 91.67, 93.86, 91.67, 93.42, 93.42]
[6.4706871509552, 6.222184181213379, 5.829355001449585, 6.038793325424194, 6.195623159408569, 5.792049407958984, 5.978653430938721, 6.30003809928894, 6.259803533554077, 5.879353761672974, 5.611664772033691, 5.764786005020142, 6.3570520877838135, 5.6820807456970215, 6.290238618850708, 6.419678449630737, 6.230372905731201, 6.275354862213135]
[92.98, 86.4, 94.74, 93.42, 92.98, 94.3, 92.11, 93.42, 92.98, 92.11, 91.23, 92.98, 92.54, 91.67, 93.86, 91.67, 93.42, 93.42, 95.18]
[6.4706871509552, 6.222184181213379, 5.829355001449585, 6.038793325424194, 6.195623159408569, 5.792049407958984, 5.978653430938721, 6.30003809928894, 6.259803533554077, 5.879353761672974, 5.611664772033691, 5.764786005020142, 6.3570520877838135, 5.6820807456970215, 6.290238618850708, 6.419678449630737, 6.230372905731201, 6.275354862213135, 6.133018493652344]
[92.98, 86.4, 94.74, 93.42, 92.98, 94.3, 92.11, 93.42, 92.98, 92.11, 91.23, 92.98, 92.54, 91.67, 93.86, 91.67, 93.42, 93.42, 95.18, 91.67]
[6.4706871509552, 6.222184181213379, 5.829355001449585, 6.038793325424194, 6.195623159408569, 5.792049407958984, 5.978653430938721, 6.30003809928894, 6.259803533554077, 5.879353761672974, 5.611664772033691, 5.764786005020142, 6.3570520877838135, 5.6820807456970215, 6.290238618850708, 6.419678449630737, 6.230372905731201, 6.275354862213135, 6.133018493652344, 5.756093978881836]
[92.98, 86.4, 94.74, 93.42, 92.98, 94.3, 92.11, 93.42, 92.98, 92.11, 91.23, 92.98, 92.54, 91.67, 93.86, 91.67, 93.42, 93.42, 95.18, 91.67, 93.42]
[6.4706871509552, 6.222184181213379, 5.829355001449585, 6.038793325424194, 6.195623159408569, 5.792049407958984, 5.978653430938721, 6.30003809928894, 6.259803533554077, 5.879353761672974, 5.611664772033691, 5.764786005020142, 6.3570520877838135, 5.6820807456970215, 6.290238618850708, 6.419678449630737, 6.230372905731201, 6.275354862213135, 6.133018493652344, 5.756093978881836, 6.067636966705322]
[92.98, 86.4, 94.74, 93.42, 92.98, 94.3, 92.11, 93.42, 92.98, 92.11, 91.23, 92.98, 92.54, 91.67, 93.86, 91.67, 93.42, 93.42, 95.18, 91.67, 93.42, 91.67]
[6.4706871509552, 6.222184181213379, 5.829355001449585, 6.038793325424194, 6.195623159408569, 5.792049407958984, 5.978653430938721, 6.30003809928894, 6.259803533554077, 5.879353761672974, 5.611664772033691, 5.764786005020142, 6.3570520877838135, 5.6820807456970215, 6.290238618850708, 6.419678449630737, 6.230372905731201, 6.275354862213135, 6.133018493652344, 5.756093978881836, 6.067636966705322, 6.209474563598633]
[92.98, 86.4, 94.74, 93.42, 92.98, 94.3, 92.11, 93.42, 92.98, 92.11, 91.23, 92.98, 92.54, 91.67, 93.86, 91.67, 93.42, 93.42, 95.18, 91.67, 93.42, 91.67, 91.67]
[6.4706871509552, 6.222184181213379, 5.829355001449585, 6.038793325424194, 6.195623159408569, 5.792049407958984, 5.978653430938721, 6.30003809928894, 6.259803533554077, 5.879353761672974, 5.611664772033691, 5.764786005020142, 6.3570520877838135, 5.6820807456970215, 6.290238618850708, 6.419678449630737, 6.230372905731201, 6.275354862213135, 6.133018493652344, 5.756093978881836, 6.067636966705322, 6.209474563598633, 6.305226564407349]
[92.98, 86.4, 94.74, 93.42, 92.98, 94.3, 92.11, 93.42, 92.98, 92.11, 91.23, 92.98, 92.54, 91.67, 93.86, 91.67, 93.42, 93.42, 95.18, 91.67, 93.42, 91.67, 91.67, 93.42]
[6.4706871509552, 6.222184181213379, 5.829355001449585, 6.038793325424194, 6.195623159408569, 5.792049407958984, 5.978653430938721, 6.30003809928894, 6.259803533554077, 5.879353761672974, 5.611664772033691, 5.764786005020142, 6.3570520877838135, 5.6820807456970215, 6.290238618850708, 6.419678449630737, 6.230372905731201, 6.275354862213135, 6.133018493652344, 5.756093978881836, 6.067636966705322, 6.209474563598633, 6.305226564407349, 5.7627458572387695]
[92.98, 86.4, 94.74, 93.42, 92.98, 94.3, 92.11, 93.42, 92.98, 92.11, 91.23, 92.98, 92.54, 91.67, 93.86, 91.67, 93.42, 93.42, 95.18, 91.67, 93.42, 91.67, 91.67, 93.42, 94.3]
[6.4706871509552, 6.222184181213379, 5.829355001449585, 6.038793325424194, 6.195623159408569, 5.792049407958984, 5.978653430938721, 6.30003809928894, 6.259803533554077, 5.879353761672974, 5.611664772033691, 5.764786005020142, 6.3570520877838135, 5.6820807456970215, 6.290238618850708, 6.419678449630737, 6.230372905731201, 6.275354862213135, 6.133018493652344, 5.756093978881836, 6.067636966705322, 6.209474563598633, 6.305226564407349, 5.7627458572387695, 5.647468566894531]
[92.98, 86.4, 94.74, 93.42, 92.98, 94.3, 92.11, 93.42, 92.98, 92.11, 91.23, 92.98, 92.54, 91.67, 93.86, 91.67, 93.42, 93.42, 95.18, 91.67, 93.42, 91.67, 91.67, 93.42, 94.3, 91.67]
[6.4706871509552, 6.222184181213379, 5.829355001449585, 6.038793325424194, 6.195623159408569, 5.792049407958984, 5.978653430938721, 6.30003809928894, 6.259803533554077, 5.879353761672974, 5.611664772033691, 5.764786005020142, 6.3570520877838135, 5.6820807456970215, 6.290238618850708, 6.419678449630737, 6.230372905731201, 6.275354862213135, 6.133018493652344, 5.756093978881836, 6.067636966705322, 6.209474563598633, 6.305226564407349, 5.7627458572387695, 5.647468566894531, 5.7204883098602295]
[92.98, 86.4, 94.74, 93.42, 92.98, 94.3, 92.11, 93.42, 92.98, 92.11, 91.23, 92.98, 92.54, 91.67, 93.86, 91.67, 93.42, 93.42, 95.18, 91.67, 93.42, 91.67, 91.67, 93.42, 94.3, 91.67, 92.54]
[6.4706871509552, 6.222184181213379, 5.829355001449585, 6.038793325424194, 6.195623159408569, 5.792049407958984, 5.978653430938721, 6.30003809928894, 6.259803533554077, 5.879353761672974, 5.611664772033691, 5.764786005020142, 6.3570520877838135, 5.6820807456970215, 6.290238618850708, 6.419678449630737, 6.230372905731201, 6.275354862213135, 6.133018493652344, 5.756093978881836, 6.067636966705322, 6.209474563598633, 6.305226564407349, 5.7627458572387695, 5.647468566894531, 5.7204883098602295, 5.74267840385437]
[92.98, 86.4, 94.74, 93.42, 92.98, 94.3, 92.11, 93.42, 92.98, 92.11, 91.23, 92.98, 92.54, 91.67, 93.86, 91.67, 93.42, 93.42, 95.18, 91.67, 93.42, 91.67, 91.67, 93.42, 94.3, 91.67, 92.54, 94.74]
[6.4706871509552, 6.222184181213379, 5.829355001449585, 6.038793325424194, 6.195623159408569, 5.792049407958984, 5.978653430938721, 6.30003809928894, 6.259803533554077, 5.879353761672974, 5.611664772033691, 5.764786005020142, 6.3570520877838135, 5.6820807456970215, 6.290238618850708, 6.419678449630737, 6.230372905731201, 6.275354862213135, 6.133018493652344, 5.756093978881836, 6.067636966705322, 6.209474563598633, 6.305226564407349, 5.7627458572387695, 5.647468566894531, 5.7204883098602295, 5.74267840385437, 6.284850120544434]
[92.98, 86.4, 94.74, 93.42, 92.98, 94.3, 92.11, 93.42, 92.98, 92.11, 91.23, 92.98, 92.54, 91.67, 93.86, 91.67, 93.42, 93.42, 95.18, 91.67, 93.42, 91.67, 91.67, 93.42, 94.3, 91.67, 92.54, 94.74, 90.35]
[6.4706871509552, 6.222184181213379, 5.829355001449585, 6.038793325424194, 6.195623159408569, 5.792049407958984, 5.978653430938721, 6.30003809928894, 6.259803533554077, 5.879353761672974, 5.611664772033691, 5.764786005020142, 6.3570520877838135, 5.6820807456970215, 6.290238618850708, 6.419678449630737, 6.230372905731201, 6.275354862213135, 6.133018493652344, 5.756093978881836, 6.067636966705322, 6.209474563598633, 6.305226564407349, 5.7627458572387695, 5.647468566894531, 5.7204883098602295, 5.74267840385437, 6.284850120544434, 5.648844957351685]
[92.98, 86.4, 94.74, 93.42, 92.98, 94.3, 92.11, 93.42, 92.98, 92.11, 91.23, 92.98, 92.54, 91.67, 93.86, 91.67, 93.42, 93.42, 95.18, 91.67, 93.42, 91.67, 91.67, 93.42, 94.3, 91.67, 92.54, 94.74, 90.35, 91.67]
[6.4706871509552, 6.222184181213379, 5.829355001449585, 6.038793325424194, 6.195623159408569, 5.792049407958984, 5.978653430938721, 6.30003809928894, 6.259803533554077, 5.879353761672974, 5.611664772033691, 5.764786005020142, 6.3570520877838135, 5.6820807456970215, 6.290238618850708, 6.419678449630737, 6.230372905731201, 6.275354862213135, 6.133018493652344, 5.756093978881836, 6.067636966705322, 6.209474563598633, 6.305226564407349, 5.7627458572387695, 5.647468566894531, 5.7204883098602295, 5.74267840385437, 6.284850120544434, 5.648844957351685, 6.174545764923096]
Mean Accuracy 92.61766666666666
Mean Time 6.035028068224589
Loading file :  cardio_train.csv
[61.94]
[6.896670579910278]
[61.94, 59.26]
[6.896670579910278, 6.929750919342041]
[61.94, 59.26, 58.09]
[6.896670579910278, 6.929750919342041, 6.681437969207764]
[61.94, 59.26, 58.09, 54.33]
[6.896670579910278, 6.929750919342041, 6.681437969207764, 6.598760604858398]
[61.94, 59.26, 58.09, 54.33, 58.09]
[6.896670579910278, 6.929750919342041, 6.681437969207764, 6.598760604858398, 6.666362762451172]
[61.94, 59.26, 58.09, 54.33, 58.09, 49.99]
[6.896670579910278, 6.929750919342041, 6.681437969207764, 6.598760604858398, 6.666362762451172, 6.786332607269287]
[61.94, 59.26, 58.09, 54.33, 58.09, 49.99, 59.27]
[6.896670579910278, 6.929750919342041, 6.681437969207764, 6.598760604858398, 6.666362762451172, 6.786332607269287, 6.696138620376587]
[61.94, 59.26, 58.09, 54.33, 58.09, 49.99, 59.27, 60.2]
[6.896670579910278, 6.929750919342041, 6.681437969207764, 6.598760604858398, 6.666362762451172, 6.786332607269287, 6.696138620376587, 6.709552526473999]
[61.94, 59.26, 58.09, 54.33, 58.09, 49.99, 59.27, 60.2, 54.71]
[6.896670579910278, 6.929750919342041, 6.681437969207764, 6.598760604858398, 6.666362762451172, 6.786332607269287, 6.696138620376587, 6.709552526473999, 6.573933362960815]
[61.94, 59.26, 58.09, 54.33, 58.09, 49.99, 59.27, 60.2, 54.71, 62.01]
[6.896670579910278, 6.929750919342041, 6.681437969207764, 6.598760604858398, 6.666362762451172, 6.786332607269287, 6.696138620376587, 6.709552526473999, 6.573933362960815, 6.576855421066284]
[61.94, 59.26, 58.09, 54.33, 58.09, 49.99, 59.27, 60.2, 54.71, 62.01, 50.33]
[6.896670579910278, 6.929750919342041, 6.681437969207764, 6.598760604858398, 6.666362762451172, 6.786332607269287, 6.696138620376587, 6.709552526473999, 6.573933362960815, 6.576855421066284, 6.634438753128052]
[61.94, 59.26, 58.09, 54.33, 58.09, 49.99, 59.27, 60.2, 54.71, 62.01, 50.33, 62.68]
[6.896670579910278, 6.929750919342041, 6.681437969207764, 6.598760604858398, 6.666362762451172, 6.786332607269287, 6.696138620376587, 6.709552526473999, 6.573933362960815, 6.576855421066284, 6.634438753128052, 6.693953990936279]
[61.94, 59.26, 58.09, 54.33, 58.09, 49.99, 59.27, 60.2, 54.71, 62.01, 50.33, 62.68, 57.75]
[6.896670579910278, 6.929750919342041, 6.681437969207764, 6.598760604858398, 6.666362762451172, 6.786332607269287, 6.696138620376587, 6.709552526473999, 6.573933362960815, 6.576855421066284, 6.634438753128052, 6.693953990936279, 6.495502471923828]
[61.94, 59.26, 58.09, 54.33, 58.09, 49.99, 59.27, 60.2, 54.71, 62.01, 50.33, 62.68, 57.75, 57.61]
[6.896670579910278, 6.929750919342041, 6.681437969207764, 6.598760604858398, 6.666362762451172, 6.786332607269287, 6.696138620376587, 6.709552526473999, 6.573933362960815, 6.576855421066284, 6.634438753128052, 6.693953990936279, 6.495502471923828, 6.547735691070557]
[61.94, 59.26, 58.09, 54.33, 58.09, 49.99, 59.27, 60.2, 54.71, 62.01, 50.33, 62.68, 57.75, 57.61, 59.93]
[6.896670579910278, 6.929750919342041, 6.681437969207764, 6.598760604858398, 6.666362762451172, 6.786332607269287, 6.696138620376587, 6.709552526473999, 6.573933362960815, 6.576855421066284, 6.634438753128052, 6.693953990936279, 6.495502471923828, 6.547735691070557, 6.976064205169678]
[61.94, 59.26, 58.09, 54.33, 58.09, 49.99, 59.27, 60.2, 54.71, 62.01, 50.33, 62.68, 57.75, 57.61, 59.93, 54.49]
[6.896670579910278, 6.929750919342041, 6.681437969207764, 6.598760604858398, 6.666362762451172, 6.786332607269287, 6.696138620376587, 6.709552526473999, 6.573933362960815, 6.576855421066284, 6.634438753128052, 6.693953990936279, 6.495502471923828, 6.547735691070557, 6.976064205169678, 6.569649934768677]
[61.94, 59.26, 58.09, 54.33, 58.09, 49.99, 59.27, 60.2, 54.71, 62.01, 50.33, 62.68, 57.75, 57.61, 59.93, 54.49, 50.04]
[6.896670579910278, 6.929750919342041, 6.681437969207764, 6.598760604858398, 6.666362762451172, 6.786332607269287, 6.696138620376587, 6.709552526473999, 6.573933362960815, 6.576855421066284, 6.634438753128052, 6.693953990936279, 6.495502471923828, 6.547735691070557, 6.976064205169678, 6.569649934768677, 6.581167221069336]
[61.94, 59.26, 58.09, 54.33, 58.09, 49.99, 59.27, 60.2, 54.71, 62.01, 50.33, 62.68, 57.75, 57.61, 59.93, 54.49, 50.04, 58.69]
[6.896670579910278, 6.929750919342041, 6.681437969207764, 6.598760604858398, 6.666362762451172, 6.786332607269287, 6.696138620376587, 6.709552526473999, 6.573933362960815, 6.576855421066284, 6.634438753128052, 6.693953990936279, 6.495502471923828, 6.547735691070557, 6.976064205169678, 6.569649934768677, 6.581167221069336, 6.774073123931885]
[61.94, 59.26, 58.09, 54.33, 58.09, 49.99, 59.27, 60.2, 54.71, 62.01, 50.33, 62.68, 57.75, 57.61, 59.93, 54.49, 50.04, 58.69, 58.78]
[6.896670579910278, 6.929750919342041, 6.681437969207764, 6.598760604858398, 6.666362762451172, 6.786332607269287, 6.696138620376587, 6.709552526473999, 6.573933362960815, 6.576855421066284, 6.634438753128052, 6.693953990936279, 6.495502471923828, 6.547735691070557, 6.976064205169678, 6.569649934768677, 6.581167221069336, 6.774073123931885, 6.552412271499634]
[61.94, 59.26, 58.09, 54.33, 58.09, 49.99, 59.27, 60.2, 54.71, 62.01, 50.33, 62.68, 57.75, 57.61, 59.93, 54.49, 50.04, 58.69, 58.78, 60.13]
[6.896670579910278, 6.929750919342041, 6.681437969207764, 6.598760604858398, 6.666362762451172, 6.786332607269287, 6.696138620376587, 6.709552526473999, 6.573933362960815, 6.576855421066284, 6.634438753128052, 6.693953990936279, 6.495502471923828, 6.547735691070557, 6.976064205169678, 6.569649934768677, 6.581167221069336, 6.774073123931885, 6.552412271499634, 6.501373291015625]
[61.94, 59.26, 58.09, 54.33, 58.09, 49.99, 59.27, 60.2, 54.71, 62.01, 50.33, 62.68, 57.75, 57.61, 59.93, 54.49, 50.04, 58.69, 58.78, 60.13, 60.01]
[6.896670579910278, 6.929750919342041, 6.681437969207764, 6.598760604858398, 6.666362762451172, 6.786332607269287, 6.696138620376587, 6.709552526473999, 6.573933362960815, 6.576855421066284, 6.634438753128052, 6.693953990936279, 6.495502471923828, 6.547735691070557, 6.976064205169678, 6.569649934768677, 6.581167221069336, 6.774073123931885, 6.552412271499634, 6.501373291015625, 6.6116509437561035]
[61.94, 59.26, 58.09, 54.33, 58.09, 49.99, 59.27, 60.2, 54.71, 62.01, 50.33, 62.68, 57.75, 57.61, 59.93, 54.49, 50.04, 58.69, 58.78, 60.13, 60.01, 51.69]
[6.896670579910278, 6.929750919342041, 6.681437969207764, 6.598760604858398, 6.666362762451172, 6.786332607269287, 6.696138620376587, 6.709552526473999, 6.573933362960815, 6.576855421066284, 6.634438753128052, 6.693953990936279, 6.495502471923828, 6.547735691070557, 6.976064205169678, 6.569649934768677, 6.581167221069336, 6.774073123931885, 6.552412271499634, 6.501373291015625, 6.6116509437561035, 6.552534580230713]
[61.94, 59.26, 58.09, 54.33, 58.09, 49.99, 59.27, 60.2, 54.71, 62.01, 50.33, 62.68, 57.75, 57.61, 59.93, 54.49, 50.04, 58.69, 58.78, 60.13, 60.01, 51.69, 62.52]
[6.896670579910278, 6.929750919342041, 6.681437969207764, 6.598760604858398, 6.666362762451172, 6.786332607269287, 6.696138620376587, 6.709552526473999, 6.573933362960815, 6.576855421066284, 6.634438753128052, 6.693953990936279, 6.495502471923828, 6.547735691070557, 6.976064205169678, 6.569649934768677, 6.581167221069336, 6.774073123931885, 6.552412271499634, 6.501373291015625, 6.6116509437561035, 6.552534580230713, 6.730258226394653]
[61.94, 59.26, 58.09, 54.33, 58.09, 49.99, 59.27, 60.2, 54.71, 62.01, 50.33, 62.68, 57.75, 57.61, 59.93, 54.49, 50.04, 58.69, 58.78, 60.13, 60.01, 51.69, 62.52, 59.24]
[6.896670579910278, 6.929750919342041, 6.681437969207764, 6.598760604858398, 6.666362762451172, 6.786332607269287, 6.696138620376587, 6.709552526473999, 6.573933362960815, 6.576855421066284, 6.634438753128052, 6.693953990936279, 6.495502471923828, 6.547735691070557, 6.976064205169678, 6.569649934768677, 6.581167221069336, 6.774073123931885, 6.552412271499634, 6.501373291015625, 6.6116509437561035, 6.552534580230713, 6.730258226394653, 6.403225660324097]
[61.94, 59.26, 58.09, 54.33, 58.09, 49.99, 59.27, 60.2, 54.71, 62.01, 50.33, 62.68, 57.75, 57.61, 59.93, 54.49, 50.04, 58.69, 58.78, 60.13, 60.01, 51.69, 62.52, 59.24, 60.1]
[6.896670579910278, 6.929750919342041, 6.681437969207764, 6.598760604858398, 6.666362762451172, 6.786332607269287, 6.696138620376587, 6.709552526473999, 6.573933362960815, 6.576855421066284, 6.634438753128052, 6.693953990936279, 6.495502471923828, 6.547735691070557, 6.976064205169678, 6.569649934768677, 6.581167221069336, 6.774073123931885, 6.552412271499634, 6.501373291015625, 6.6116509437561035, 6.552534580230713, 6.730258226394653, 6.403225660324097, 6.820334434509277]
[61.94, 59.26, 58.09, 54.33, 58.09, 49.99, 59.27, 60.2, 54.71, 62.01, 50.33, 62.68, 57.75, 57.61, 59.93, 54.49, 50.04, 58.69, 58.78, 60.13, 60.01, 51.69, 62.52, 59.24, 60.1, 60.38]
[6.896670579910278, 6.929750919342041, 6.681437969207764, 6.598760604858398, 6.666362762451172, 6.786332607269287, 6.696138620376587, 6.709552526473999, 6.573933362960815, 6.576855421066284, 6.634438753128052, 6.693953990936279, 6.495502471923828, 6.547735691070557, 6.976064205169678, 6.569649934768677, 6.581167221069336, 6.774073123931885, 6.552412271499634, 6.501373291015625, 6.6116509437561035, 6.552534580230713, 6.730258226394653, 6.403225660324097, 6.820334434509277, 6.764404296875]
[61.94, 59.26, 58.09, 54.33, 58.09, 49.99, 59.27, 60.2, 54.71, 62.01, 50.33, 62.68, 57.75, 57.61, 59.93, 54.49, 50.04, 58.69, 58.78, 60.13, 60.01, 51.69, 62.52, 59.24, 60.1, 60.38, 58.66]
[6.896670579910278, 6.929750919342041, 6.681437969207764, 6.598760604858398, 6.666362762451172, 6.786332607269287, 6.696138620376587, 6.709552526473999, 6.573933362960815, 6.576855421066284, 6.634438753128052, 6.693953990936279, 6.495502471923828, 6.547735691070557, 6.976064205169678, 6.569649934768677, 6.581167221069336, 6.774073123931885, 6.552412271499634, 6.501373291015625, 6.6116509437561035, 6.552534580230713, 6.730258226394653, 6.403225660324097, 6.820334434509277, 6.764404296875, 6.585751056671143]
[61.94, 59.26, 58.09, 54.33, 58.09, 49.99, 59.27, 60.2, 54.71, 62.01, 50.33, 62.68, 57.75, 57.61, 59.93, 54.49, 50.04, 58.69, 58.78, 60.13, 60.01, 51.69, 62.52, 59.24, 60.1, 60.38, 58.66, 60.5]
[6.896670579910278, 6.929750919342041, 6.681437969207764, 6.598760604858398, 6.666362762451172, 6.786332607269287, 6.696138620376587, 6.709552526473999, 6.573933362960815, 6.576855421066284, 6.634438753128052, 6.693953990936279, 6.495502471923828, 6.547735691070557, 6.976064205169678, 6.569649934768677, 6.581167221069336, 6.774073123931885, 6.552412271499634, 6.501373291015625, 6.6116509437561035, 6.552534580230713, 6.730258226394653, 6.403225660324097, 6.820334434509277, 6.764404296875, 6.585751056671143, 6.7856385707855225]
[61.94, 59.26, 58.09, 54.33, 58.09, 49.99, 59.27, 60.2, 54.71, 62.01, 50.33, 62.68, 57.75, 57.61, 59.93, 54.49, 50.04, 58.69, 58.78, 60.13, 60.01, 51.69, 62.52, 59.24, 60.1, 60.38, 58.66, 60.5, 61.13]
[6.896670579910278, 6.929750919342041, 6.681437969207764, 6.598760604858398, 6.666362762451172, 6.786332607269287, 6.696138620376587, 6.709552526473999, 6.573933362960815, 6.576855421066284, 6.634438753128052, 6.693953990936279, 6.495502471923828, 6.547735691070557, 6.976064205169678, 6.569649934768677, 6.581167221069336, 6.774073123931885, 6.552412271499634, 6.501373291015625, 6.6116509437561035, 6.552534580230713, 6.730258226394653, 6.403225660324097, 6.820334434509277, 6.764404296875, 6.585751056671143, 6.7856385707855225, 6.460601806640625]
[61.94, 59.26, 58.09, 54.33, 58.09, 49.99, 59.27, 60.2, 54.71, 62.01, 50.33, 62.68, 57.75, 57.61, 59.93, 54.49, 50.04, 58.69, 58.78, 60.13, 60.01, 51.69, 62.52, 59.24, 60.1, 60.38, 58.66, 60.5, 61.13, 59.48]
[6.896670579910278, 6.929750919342041, 6.681437969207764, 6.598760604858398, 6.666362762451172, 6.786332607269287, 6.696138620376587, 6.709552526473999, 6.573933362960815, 6.576855421066284, 6.634438753128052, 6.693953990936279, 6.495502471923828, 6.547735691070557, 6.976064205169678, 6.569649934768677, 6.581167221069336, 6.774073123931885, 6.552412271499634, 6.501373291015625, 6.6116509437561035, 6.552534580230713, 6.730258226394653, 6.403225660324097, 6.820334434509277, 6.764404296875, 6.585751056671143, 6.7856385707855225, 6.460601806640625, 6.416690349578857]
Mean Accuracy 58.06766666666667
Mean Time 6.652441875139872
Loading file :  diabetes.csv
[72.4]
[6.296158075332642]
[72.4, 73.05]
[6.296158075332642, 5.78872537612915]
[72.4, 73.05, 73.05]
[6.296158075332642, 5.78872537612915, 5.799099683761597]
[72.4, 73.05, 73.05, 66.56]
[6.296158075332642, 5.78872537612915, 5.799099683761597, 6.081239461898804]
[72.4, 73.05, 73.05, 66.56, 73.38]
[6.296158075332642, 5.78872537612915, 5.799099683761597, 6.081239461898804, 5.867789268493652]
[72.4, 73.05, 73.05, 66.56, 73.38, 73.7]
[6.296158075332642, 5.78872537612915, 5.799099683761597, 6.081239461898804, 5.867789268493652, 6.429994344711304]
[72.4, 73.05, 73.05, 66.56, 73.38, 73.7, 71.1]
[6.296158075332642, 5.78872537612915, 5.799099683761597, 6.081239461898804, 5.867789268493652, 6.429994344711304, 6.313754558563232]
[72.4, 73.05, 73.05, 66.56, 73.38, 73.7, 71.1, 73.7]
[6.296158075332642, 5.78872537612915, 5.799099683761597, 6.081239461898804, 5.867789268493652, 6.429994344711304, 6.313754558563232, 5.757174491882324]
[72.4, 73.05, 73.05, 66.56, 73.38, 73.7, 71.1, 73.7, 72.08]
[6.296158075332642, 5.78872537612915, 5.799099683761597, 6.081239461898804, 5.867789268493652, 6.429994344711304, 6.313754558563232, 5.757174491882324, 5.761445999145508]
[72.4, 73.05, 73.05, 66.56, 73.38, 73.7, 71.1, 73.7, 72.08, 66.88]
[6.296158075332642, 5.78872537612915, 5.799099683761597, 6.081239461898804, 5.867789268493652, 6.429994344711304, 6.313754558563232, 5.757174491882324, 5.761445999145508, 5.735830307006836]
[72.4, 73.05, 73.05, 66.56, 73.38, 73.7, 71.1, 73.7, 72.08, 66.88, 73.7]
[6.296158075332642, 5.78872537612915, 5.799099683761597, 6.081239461898804, 5.867789268493652, 6.429994344711304, 6.313754558563232, 5.757174491882324, 5.761445999145508, 5.735830307006836, 6.296539545059204]
[72.4, 73.05, 73.05, 66.56, 73.38, 73.7, 71.1, 73.7, 72.08, 66.88, 73.7, 66.56]
[6.296158075332642, 5.78872537612915, 5.799099683761597, 6.081239461898804, 5.867789268493652, 6.429994344711304, 6.313754558563232, 5.757174491882324, 5.761445999145508, 5.735830307006836, 6.296539545059204, 6.46520209312439]
[72.4, 73.05, 73.05, 66.56, 73.38, 73.7, 71.1, 73.7, 72.08, 66.88, 73.7, 66.56, 68.83]
[6.296158075332642, 5.78872537612915, 5.799099683761597, 6.081239461898804, 5.867789268493652, 6.429994344711304, 6.313754558563232, 5.757174491882324, 5.761445999145508, 5.735830307006836, 6.296539545059204, 6.46520209312439, 5.769254446029663]
[72.4, 73.05, 73.05, 66.56, 73.38, 73.7, 71.1, 73.7, 72.08, 66.88, 73.7, 66.56, 68.83, 66.88]
[6.296158075332642, 5.78872537612915, 5.799099683761597, 6.081239461898804, 5.867789268493652, 6.429994344711304, 6.313754558563232, 5.757174491882324, 5.761445999145508, 5.735830307006836, 6.296539545059204, 6.46520209312439, 5.769254446029663, 6.453992605209351]
[72.4, 73.05, 73.05, 66.56, 73.38, 73.7, 71.1, 73.7, 72.08, 66.88, 73.7, 66.56, 68.83, 66.88, 74.03]
[6.296158075332642, 5.78872537612915, 5.799099683761597, 6.081239461898804, 5.867789268493652, 6.429994344711304, 6.313754558563232, 5.757174491882324, 5.761445999145508, 5.735830307006836, 6.296539545059204, 6.46520209312439, 5.769254446029663, 6.453992605209351, 5.598726511001587]
[72.4, 73.05, 73.05, 66.56, 73.38, 73.7, 71.1, 73.7, 72.08, 66.88, 73.7, 66.56, 68.83, 66.88, 74.03, 70.78]
[6.296158075332642, 5.78872537612915, 5.799099683761597, 6.081239461898804, 5.867789268493652, 6.429994344711304, 6.313754558563232, 5.757174491882324, 5.761445999145508, 5.735830307006836, 6.296539545059204, 6.46520209312439, 5.769254446029663, 6.453992605209351, 5.598726511001587, 5.933017253875732]
[72.4, 73.05, 73.05, 66.56, 73.38, 73.7, 71.1, 73.7, 72.08, 66.88, 73.7, 66.56, 68.83, 66.88, 74.03, 70.78, 74.03]
[6.296158075332642, 5.78872537612915, 5.799099683761597, 6.081239461898804, 5.867789268493652, 6.429994344711304, 6.313754558563232, 5.757174491882324, 5.761445999145508, 5.735830307006836, 6.296539545059204, 6.46520209312439, 5.769254446029663, 6.453992605209351, 5.598726511001587, 5.933017253875732, 5.5920562744140625]
[72.4, 73.05, 73.05, 66.56, 73.38, 73.7, 71.1, 73.7, 72.08, 66.88, 73.7, 66.56, 68.83, 66.88, 74.03, 70.78, 74.03, 67.53]
[6.296158075332642, 5.78872537612915, 5.799099683761597, 6.081239461898804, 5.867789268493652, 6.429994344711304, 6.313754558563232, 5.757174491882324, 5.761445999145508, 5.735830307006836, 6.296539545059204, 6.46520209312439, 5.769254446029663, 6.453992605209351, 5.598726511001587, 5.933017253875732, 5.5920562744140625, 6.251622438430786]
[72.4, 73.05, 73.05, 66.56, 73.38, 73.7, 71.1, 73.7, 72.08, 66.88, 73.7, 66.56, 68.83, 66.88, 74.03, 70.78, 74.03, 67.53, 74.35]
[6.296158075332642, 5.78872537612915, 5.799099683761597, 6.081239461898804, 5.867789268493652, 6.429994344711304, 6.313754558563232, 5.757174491882324, 5.761445999145508, 5.735830307006836, 6.296539545059204, 6.46520209312439, 5.769254446029663, 6.453992605209351, 5.598726511001587, 5.933017253875732, 5.5920562744140625, 6.251622438430786, 6.327337741851807]
[72.4, 73.05, 73.05, 66.56, 73.38, 73.7, 71.1, 73.7, 72.08, 66.88, 73.7, 66.56, 68.83, 66.88, 74.03, 70.78, 74.03, 67.53, 74.35, 74.68]
[6.296158075332642, 5.78872537612915, 5.799099683761597, 6.081239461898804, 5.867789268493652, 6.429994344711304, 6.313754558563232, 5.757174491882324, 5.761445999145508, 5.735830307006836, 6.296539545059204, 6.46520209312439, 5.769254446029663, 6.453992605209351, 5.598726511001587, 5.933017253875732, 5.5920562744140625, 6.251622438430786, 6.327337741851807, 6.238795280456543]
[72.4, 73.05, 73.05, 66.56, 73.38, 73.7, 71.1, 73.7, 72.08, 66.88, 73.7, 66.56, 68.83, 66.88, 74.03, 70.78, 74.03, 67.53, 74.35, 74.68, 74.03]
[6.296158075332642, 5.78872537612915, 5.799099683761597, 6.081239461898804, 5.867789268493652, 6.429994344711304, 6.313754558563232, 5.757174491882324, 5.761445999145508, 5.735830307006836, 6.296539545059204, 6.46520209312439, 5.769254446029663, 6.453992605209351, 5.598726511001587, 5.933017253875732, 5.5920562744140625, 6.251622438430786, 6.327337741851807, 6.238795280456543, 6.352449178695679]
[72.4, 73.05, 73.05, 66.56, 73.38, 73.7, 71.1, 73.7, 72.08, 66.88, 73.7, 66.56, 68.83, 66.88, 74.03, 70.78, 74.03, 67.53, 74.35, 74.68, 74.03, 73.7]
[6.296158075332642, 5.78872537612915, 5.799099683761597, 6.081239461898804, 5.867789268493652, 6.429994344711304, 6.313754558563232, 5.757174491882324, 5.761445999145508, 5.735830307006836, 6.296539545059204, 6.46520209312439, 5.769254446029663, 6.453992605209351, 5.598726511001587, 5.933017253875732, 5.5920562744140625, 6.251622438430786, 6.327337741851807, 6.238795280456543, 6.352449178695679, 6.2386314868927]
[72.4, 73.05, 73.05, 66.56, 73.38, 73.7, 71.1, 73.7, 72.08, 66.88, 73.7, 66.56, 68.83, 66.88, 74.03, 70.78, 74.03, 67.53, 74.35, 74.68, 74.03, 73.7, 70.78]
[6.296158075332642, 5.78872537612915, 5.799099683761597, 6.081239461898804, 5.867789268493652, 6.429994344711304, 6.313754558563232, 5.757174491882324, 5.761445999145508, 5.735830307006836, 6.296539545059204, 6.46520209312439, 5.769254446029663, 6.453992605209351, 5.598726511001587, 5.933017253875732, 5.5920562744140625, 6.251622438430786, 6.327337741851807, 6.238795280456543, 6.352449178695679, 6.2386314868927, 6.184673547744751]
[72.4, 73.05, 73.05, 66.56, 73.38, 73.7, 71.1, 73.7, 72.08, 66.88, 73.7, 66.56, 68.83, 66.88, 74.03, 70.78, 74.03, 67.53, 74.35, 74.68, 74.03, 73.7, 70.78, 73.7]
[6.296158075332642, 5.78872537612915, 5.799099683761597, 6.081239461898804, 5.867789268493652, 6.429994344711304, 6.313754558563232, 5.757174491882324, 5.761445999145508, 5.735830307006836, 6.296539545059204, 6.46520209312439, 5.769254446029663, 6.453992605209351, 5.598726511001587, 5.933017253875732, 5.5920562744140625, 6.251622438430786, 6.327337741851807, 6.238795280456543, 6.352449178695679, 6.2386314868927, 6.184673547744751, 5.8038270473480225]
[72.4, 73.05, 73.05, 66.56, 73.38, 73.7, 71.1, 73.7, 72.08, 66.88, 73.7, 66.56, 68.83, 66.88, 74.03, 70.78, 74.03, 67.53, 74.35, 74.68, 74.03, 73.7, 70.78, 73.7, 69.16]
[6.296158075332642, 5.78872537612915, 5.799099683761597, 6.081239461898804, 5.867789268493652, 6.429994344711304, 6.313754558563232, 5.757174491882324, 5.761445999145508, 5.735830307006836, 6.296539545059204, 6.46520209312439, 5.769254446029663, 6.453992605209351, 5.598726511001587, 5.933017253875732, 5.5920562744140625, 6.251622438430786, 6.327337741851807, 6.238795280456543, 6.352449178695679, 6.2386314868927, 6.184673547744751, 5.8038270473480225, 5.645369291305542]
[72.4, 73.05, 73.05, 66.56, 73.38, 73.7, 71.1, 73.7, 72.08, 66.88, 73.7, 66.56, 68.83, 66.88, 74.03, 70.78, 74.03, 67.53, 74.35, 74.68, 74.03, 73.7, 70.78, 73.7, 69.16, 72.08]
[6.296158075332642, 5.78872537612915, 5.799099683761597, 6.081239461898804, 5.867789268493652, 6.429994344711304, 6.313754558563232, 5.757174491882324, 5.761445999145508, 5.735830307006836, 6.296539545059204, 6.46520209312439, 5.769254446029663, 6.453992605209351, 5.598726511001587, 5.933017253875732, 5.5920562744140625, 6.251622438430786, 6.327337741851807, 6.238795280456543, 6.352449178695679, 6.2386314868927, 6.184673547744751, 5.8038270473480225, 5.645369291305542, 5.560288429260254]
[72.4, 73.05, 73.05, 66.56, 73.38, 73.7, 71.1, 73.7, 72.08, 66.88, 73.7, 66.56, 68.83, 66.88, 74.03, 70.78, 74.03, 67.53, 74.35, 74.68, 74.03, 73.7, 70.78, 73.7, 69.16, 72.08, 71.75]
[6.296158075332642, 5.78872537612915, 5.799099683761597, 6.081239461898804, 5.867789268493652, 6.429994344711304, 6.313754558563232, 5.757174491882324, 5.761445999145508, 5.735830307006836, 6.296539545059204, 6.46520209312439, 5.769254446029663, 6.453992605209351, 5.598726511001587, 5.933017253875732, 5.5920562744140625, 6.251622438430786, 6.327337741851807, 6.238795280456543, 6.352449178695679, 6.2386314868927, 6.184673547744751, 5.8038270473480225, 5.645369291305542, 5.560288429260254, 5.784850597381592]
[72.4, 73.05, 73.05, 66.56, 73.38, 73.7, 71.1, 73.7, 72.08, 66.88, 73.7, 66.56, 68.83, 66.88, 74.03, 70.78, 74.03, 67.53, 74.35, 74.68, 74.03, 73.7, 70.78, 73.7, 69.16, 72.08, 71.75, 74.68]
[6.296158075332642, 5.78872537612915, 5.799099683761597, 6.081239461898804, 5.867789268493652, 6.429994344711304, 6.313754558563232, 5.757174491882324, 5.761445999145508, 5.735830307006836, 6.296539545059204, 6.46520209312439, 5.769254446029663, 6.453992605209351, 5.598726511001587, 5.933017253875732, 5.5920562744140625, 6.251622438430786, 6.327337741851807, 6.238795280456543, 6.352449178695679, 6.2386314868927, 6.184673547744751, 5.8038270473480225, 5.645369291305542, 5.560288429260254, 5.784850597381592, 6.362722396850586]
[72.4, 73.05, 73.05, 66.56, 73.38, 73.7, 71.1, 73.7, 72.08, 66.88, 73.7, 66.56, 68.83, 66.88, 74.03, 70.78, 74.03, 67.53, 74.35, 74.68, 74.03, 73.7, 70.78, 73.7, 69.16, 72.08, 71.75, 74.68, 73.38]
[6.296158075332642, 5.78872537612915, 5.799099683761597, 6.081239461898804, 5.867789268493652, 6.429994344711304, 6.313754558563232, 5.757174491882324, 5.761445999145508, 5.735830307006836, 6.296539545059204, 6.46520209312439, 5.769254446029663, 6.453992605209351, 5.598726511001587, 5.933017253875732, 5.5920562744140625, 6.251622438430786, 6.327337741851807, 6.238795280456543, 6.352449178695679, 6.2386314868927, 6.184673547744751, 5.8038270473480225, 5.645369291305542, 5.560288429260254, 5.784850597381592, 6.362722396850586, 5.713649034500122]
[72.4, 73.05, 73.05, 66.56, 73.38, 73.7, 71.1, 73.7, 72.08, 66.88, 73.7, 66.56, 68.83, 66.88, 74.03, 70.78, 74.03, 67.53, 74.35, 74.68, 74.03, 73.7, 70.78, 73.7, 69.16, 72.08, 71.75, 74.68, 73.38, 73.05]
[6.296158075332642, 5.78872537612915, 5.799099683761597, 6.081239461898804, 5.867789268493652, 6.429994344711304, 6.313754558563232, 5.757174491882324, 5.761445999145508, 5.735830307006836, 6.296539545059204, 6.46520209312439, 5.769254446029663, 6.453992605209351, 5.598726511001587, 5.933017253875732, 5.5920562744140625, 6.251622438430786, 6.327337741851807, 6.238795280456543, 6.352449178695679, 6.2386314868927, 6.184673547744751, 5.8038270473480225, 5.645369291305542, 5.560288429260254, 5.784850597381592, 6.362722396850586, 5.713649034500122, 6.313605070114136]
Mean Accuracy 71.786
Mean Time 6.023927394549052
Loading file :  Liver_disorder.csv
