Loading file :  bc.csv
[91.67]
[5.280874729156494]
[91.67, 92.11]
[5.280874729156494, 4.534467935562134]
[91.67, 92.11, 94.3]
[5.280874729156494, 4.534467935562134, 4.535614252090454]
[91.67, 92.11, 94.3, 94.74]
[5.280874729156494, 4.534467935562134, 4.535614252090454, 4.712555170059204]
[91.67, 92.11, 94.3, 94.74, 92.98]
[5.280874729156494, 4.534467935562134, 4.535614252090454, 4.712555170059204, 4.499985933303833]
[91.67, 92.11, 94.3, 94.74, 92.98, 92.11]
[5.280874729156494, 4.534467935562134, 4.535614252090454, 4.712555170059204, 4.499985933303833, 4.636939287185669]
[91.67, 92.11, 94.3, 94.74, 92.98, 92.11, 93.42]
[5.280874729156494, 4.534467935562134, 4.535614252090454, 4.712555170059204, 4.499985933303833, 4.636939287185669, 4.7558557987213135]
[91.67, 92.11, 94.3, 94.74, 92.98, 92.11, 93.42, 92.98]
[5.280874729156494, 4.534467935562134, 4.535614252090454, 4.712555170059204, 4.499985933303833, 4.636939287185669, 4.7558557987213135, 4.541702508926392]
[91.67, 92.11, 94.3, 94.74, 92.98, 92.11, 93.42, 92.98, 93.42]
[5.280874729156494, 4.534467935562134, 4.535614252090454, 4.712555170059204, 4.499985933303833, 4.636939287185669, 4.7558557987213135, 4.541702508926392, 4.619569778442383]
[91.67, 92.11, 94.3, 94.74, 92.98, 92.11, 93.42, 92.98, 93.42, 94.3]
[5.280874729156494, 4.534467935562134, 4.535614252090454, 4.712555170059204, 4.499985933303833, 4.636939287185669, 4.7558557987213135, 4.541702508926392, 4.619569778442383, 4.769052267074585]
[91.67, 92.11, 94.3, 94.74, 92.98, 92.11, 93.42, 92.98, 93.42, 94.3, 92.11]
[5.280874729156494, 4.534467935562134, 4.535614252090454, 4.712555170059204, 4.499985933303833, 4.636939287185669, 4.7558557987213135, 4.541702508926392, 4.619569778442383, 4.769052267074585, 4.686935186386108]
[91.67, 92.11, 94.3, 94.74, 92.98, 92.11, 93.42, 92.98, 93.42, 94.3, 92.11, 92.11]
[5.280874729156494, 4.534467935562134, 4.535614252090454, 4.712555170059204, 4.499985933303833, 4.636939287185669, 4.7558557987213135, 4.541702508926392, 4.619569778442383, 4.769052267074585, 4.686935186386108, 4.479644060134888]
[91.67, 92.11, 94.3, 94.74, 92.98, 92.11, 93.42, 92.98, 93.42, 94.3, 92.11, 92.11, 92.54]
[5.280874729156494, 4.534467935562134, 4.535614252090454, 4.712555170059204, 4.499985933303833, 4.636939287185669, 4.7558557987213135, 4.541702508926392, 4.619569778442383, 4.769052267074585, 4.686935186386108, 4.479644060134888, 4.546367883682251]
[91.67, 92.11, 94.3, 94.74, 92.98, 92.11, 93.42, 92.98, 93.42, 94.3, 92.11, 92.11, 92.54, 92.11]
[5.280874729156494, 4.534467935562134, 4.535614252090454, 4.712555170059204, 4.499985933303833, 4.636939287185669, 4.7558557987213135, 4.541702508926392, 4.619569778442383, 4.769052267074585, 4.686935186386108, 4.479644060134888, 4.546367883682251, 4.601694822311401]
[91.67, 92.11, 94.3, 94.74, 92.98, 92.11, 93.42, 92.98, 93.42, 94.3, 92.11, 92.11, 92.54, 92.11, 92.98]
[5.280874729156494, 4.534467935562134, 4.535614252090454, 4.712555170059204, 4.499985933303833, 4.636939287185669, 4.7558557987213135, 4.541702508926392, 4.619569778442383, 4.769052267074585, 4.686935186386108, 4.479644060134888, 4.546367883682251, 4.601694822311401, 4.846357345581055]
[91.67, 92.11, 94.3, 94.74, 92.98, 92.11, 93.42, 92.98, 93.42, 94.3, 92.11, 92.11, 92.54, 92.11, 92.98, 92.54]
[5.280874729156494, 4.534467935562134, 4.535614252090454, 4.712555170059204, 4.499985933303833, 4.636939287185669, 4.7558557987213135, 4.541702508926392, 4.619569778442383, 4.769052267074585, 4.686935186386108, 4.479644060134888, 4.546367883682251, 4.601694822311401, 4.846357345581055, 4.7574098110198975]
[91.67, 92.11, 94.3, 94.74, 92.98, 92.11, 93.42, 92.98, 93.42, 94.3, 92.11, 92.11, 92.54, 92.11, 92.98, 92.54, 95.18]
[5.280874729156494, 4.534467935562134, 4.535614252090454, 4.712555170059204, 4.499985933303833, 4.636939287185669, 4.7558557987213135, 4.541702508926392, 4.619569778442383, 4.769052267074585, 4.686935186386108, 4.479644060134888, 4.546367883682251, 4.601694822311401, 4.846357345581055, 4.7574098110198975, 4.678129196166992]
[91.67, 92.11, 94.3, 94.74, 92.98, 92.11, 93.42, 92.98, 93.42, 94.3, 92.11, 92.11, 92.54, 92.11, 92.98, 92.54, 95.18, 92.98]
[5.280874729156494, 4.534467935562134, 4.535614252090454, 4.712555170059204, 4.499985933303833, 4.636939287185669, 4.7558557987213135, 4.541702508926392, 4.619569778442383, 4.769052267074585, 4.686935186386108, 4.479644060134888, 4.546367883682251, 4.601694822311401, 4.846357345581055, 4.7574098110198975, 4.678129196166992, 4.725143909454346]
[91.67, 92.11, 94.3, 94.74, 92.98, 92.11, 93.42, 92.98, 93.42, 94.3, 92.11, 92.11, 92.54, 92.11, 92.98, 92.54, 95.18, 92.98, 92.98]
[5.280874729156494, 4.534467935562134, 4.535614252090454, 4.712555170059204, 4.499985933303833, 4.636939287185669, 4.7558557987213135, 4.541702508926392, 4.619569778442383, 4.769052267074585, 4.686935186386108, 4.479644060134888, 4.546367883682251, 4.601694822311401, 4.846357345581055, 4.7574098110198975, 4.678129196166992, 4.725143909454346, 4.6841723918914795]
[91.67, 92.11, 94.3, 94.74, 92.98, 92.11, 93.42, 92.98, 93.42, 94.3, 92.11, 92.11, 92.54, 92.11, 92.98, 92.54, 95.18, 92.98, 92.98, 93.42]
[5.280874729156494, 4.534467935562134, 4.535614252090454, 4.712555170059204, 4.499985933303833, 4.636939287185669, 4.7558557987213135, 4.541702508926392, 4.619569778442383, 4.769052267074585, 4.686935186386108, 4.479644060134888, 4.546367883682251, 4.601694822311401, 4.846357345581055, 4.7574098110198975, 4.678129196166992, 4.725143909454346, 4.6841723918914795, 4.667888641357422]
[91.67, 92.11, 94.3, 94.74, 92.98, 92.11, 93.42, 92.98, 93.42, 94.3, 92.11, 92.11, 92.54, 92.11, 92.98, 92.54, 95.18, 92.98, 92.98, 93.42, 92.54]
[5.280874729156494, 4.534467935562134, 4.535614252090454, 4.712555170059204, 4.499985933303833, 4.636939287185669, 4.7558557987213135, 4.541702508926392, 4.619569778442383, 4.769052267074585, 4.686935186386108, 4.479644060134888, 4.546367883682251, 4.601694822311401, 4.846357345581055, 4.7574098110198975, 4.678129196166992, 4.725143909454346, 4.6841723918914795, 4.667888641357422, 4.767666578292847]
[91.67, 92.11, 94.3, 94.74, 92.98, 92.11, 93.42, 92.98, 93.42, 94.3, 92.11, 92.11, 92.54, 92.11, 92.98, 92.54, 95.18, 92.98, 92.98, 93.42, 92.54, 92.11]
[5.280874729156494, 4.534467935562134, 4.535614252090454, 4.712555170059204, 4.499985933303833, 4.636939287185669, 4.7558557987213135, 4.541702508926392, 4.619569778442383, 4.769052267074585, 4.686935186386108, 4.479644060134888, 4.546367883682251, 4.601694822311401, 4.846357345581055, 4.7574098110198975, 4.678129196166992, 4.725143909454346, 4.6841723918914795, 4.667888641357422, 4.767666578292847, 4.342441558837891]
[91.67, 92.11, 94.3, 94.74, 92.98, 92.11, 93.42, 92.98, 93.42, 94.3, 92.11, 92.11, 92.54, 92.11, 92.98, 92.54, 95.18, 92.98, 92.98, 93.42, 92.54, 92.11, 94.74]
[5.280874729156494, 4.534467935562134, 4.535614252090454, 4.712555170059204, 4.499985933303833, 4.636939287185669, 4.7558557987213135, 4.541702508926392, 4.619569778442383, 4.769052267074585, 4.686935186386108, 4.479644060134888, 4.546367883682251, 4.601694822311401, 4.846357345581055, 4.7574098110198975, 4.678129196166992, 4.725143909454346, 4.6841723918914795, 4.667888641357422, 4.767666578292847, 4.342441558837891, 4.614508152008057]
[91.67, 92.11, 94.3, 94.74, 92.98, 92.11, 93.42, 92.98, 93.42, 94.3, 92.11, 92.11, 92.54, 92.11, 92.98, 92.54, 95.18, 92.98, 92.98, 93.42, 92.54, 92.11, 94.74, 93.42]
[5.280874729156494, 4.534467935562134, 4.535614252090454, 4.712555170059204, 4.499985933303833, 4.636939287185669, 4.7558557987213135, 4.541702508926392, 4.619569778442383, 4.769052267074585, 4.686935186386108, 4.479644060134888, 4.546367883682251, 4.601694822311401, 4.846357345581055, 4.7574098110198975, 4.678129196166992, 4.725143909454346, 4.6841723918914795, 4.667888641357422, 4.767666578292847, 4.342441558837891, 4.614508152008057, 4.802740573883057]
[91.67, 92.11, 94.3, 94.74, 92.98, 92.11, 93.42, 92.98, 93.42, 94.3, 92.11, 92.11, 92.54, 92.11, 92.98, 92.54, 95.18, 92.98, 92.98, 93.42, 92.54, 92.11, 94.74, 93.42, 92.11]
[5.280874729156494, 4.534467935562134, 4.535614252090454, 4.712555170059204, 4.499985933303833, 4.636939287185669, 4.7558557987213135, 4.541702508926392, 4.619569778442383, 4.769052267074585, 4.686935186386108, 4.479644060134888, 4.546367883682251, 4.601694822311401, 4.846357345581055, 4.7574098110198975, 4.678129196166992, 4.725143909454346, 4.6841723918914795, 4.667888641357422, 4.767666578292847, 4.342441558837891, 4.614508152008057, 4.802740573883057, 4.6936376094818115]
[91.67, 92.11, 94.3, 94.74, 92.98, 92.11, 93.42, 92.98, 93.42, 94.3, 92.11, 92.11, 92.54, 92.11, 92.98, 92.54, 95.18, 92.98, 92.98, 93.42, 92.54, 92.11, 94.74, 93.42, 92.11, 92.54]
[5.280874729156494, 4.534467935562134, 4.535614252090454, 4.712555170059204, 4.499985933303833, 4.636939287185669, 4.7558557987213135, 4.541702508926392, 4.619569778442383, 4.769052267074585, 4.686935186386108, 4.479644060134888, 4.546367883682251, 4.601694822311401, 4.846357345581055, 4.7574098110198975, 4.678129196166992, 4.725143909454346, 4.6841723918914795, 4.667888641357422, 4.767666578292847, 4.342441558837891, 4.614508152008057, 4.802740573883057, 4.6936376094818115, 4.682413101196289]
[91.67, 92.11, 94.3, 94.74, 92.98, 92.11, 93.42, 92.98, 93.42, 94.3, 92.11, 92.11, 92.54, 92.11, 92.98, 92.54, 95.18, 92.98, 92.98, 93.42, 92.54, 92.11, 94.74, 93.42, 92.11, 92.54, 92.98]
[5.280874729156494, 4.534467935562134, 4.535614252090454, 4.712555170059204, 4.499985933303833, 4.636939287185669, 4.7558557987213135, 4.541702508926392, 4.619569778442383, 4.769052267074585, 4.686935186386108, 4.479644060134888, 4.546367883682251, 4.601694822311401, 4.846357345581055, 4.7574098110198975, 4.678129196166992, 4.725143909454346, 4.6841723918914795, 4.667888641357422, 4.767666578292847, 4.342441558837891, 4.614508152008057, 4.802740573883057, 4.6936376094818115, 4.682413101196289, 4.727555751800537]
[91.67, 92.11, 94.3, 94.74, 92.98, 92.11, 93.42, 92.98, 93.42, 94.3, 92.11, 92.11, 92.54, 92.11, 92.98, 92.54, 95.18, 92.98, 92.98, 93.42, 92.54, 92.11, 94.74, 93.42, 92.11, 92.54, 92.98, 91.23]
[5.280874729156494, 4.534467935562134, 4.535614252090454, 4.712555170059204, 4.499985933303833, 4.636939287185669, 4.7558557987213135, 4.541702508926392, 4.619569778442383, 4.769052267074585, 4.686935186386108, 4.479644060134888, 4.546367883682251, 4.601694822311401, 4.846357345581055, 4.7574098110198975, 4.678129196166992, 4.725143909454346, 4.6841723918914795, 4.667888641357422, 4.767666578292847, 4.342441558837891, 4.614508152008057, 4.802740573883057, 4.6936376094818115, 4.682413101196289, 4.727555751800537, 4.575193881988525]
[91.67, 92.11, 94.3, 94.74, 92.98, 92.11, 93.42, 92.98, 93.42, 94.3, 92.11, 92.11, 92.54, 92.11, 92.98, 92.54, 95.18, 92.98, 92.98, 93.42, 92.54, 92.11, 94.74, 93.42, 92.11, 92.54, 92.98, 91.23, 92.54]
[5.280874729156494, 4.534467935562134, 4.535614252090454, 4.712555170059204, 4.499985933303833, 4.636939287185669, 4.7558557987213135, 4.541702508926392, 4.619569778442383, 4.769052267074585, 4.686935186386108, 4.479644060134888, 4.546367883682251, 4.601694822311401, 4.846357345581055, 4.7574098110198975, 4.678129196166992, 4.725143909454346, 4.6841723918914795, 4.667888641357422, 4.767666578292847, 4.342441558837891, 4.614508152008057, 4.802740573883057, 4.6936376094818115, 4.682413101196289, 4.727555751800537, 4.575193881988525, 4.614628076553345]
[91.67, 92.11, 94.3, 94.74, 92.98, 92.11, 93.42, 92.98, 93.42, 94.3, 92.11, 92.11, 92.54, 92.11, 92.98, 92.54, 95.18, 92.98, 92.98, 93.42, 92.54, 92.11, 94.74, 93.42, 92.11, 92.54, 92.98, 91.23, 92.54, 92.54]
[5.280874729156494, 4.534467935562134, 4.535614252090454, 4.712555170059204, 4.499985933303833, 4.636939287185669, 4.7558557987213135, 4.541702508926392, 4.619569778442383, 4.769052267074585, 4.686935186386108, 4.479644060134888, 4.546367883682251, 4.601694822311401, 4.846357345581055, 4.7574098110198975, 4.678129196166992, 4.725143909454346, 4.6841723918914795, 4.667888641357422, 4.767666578292847, 4.342441558837891, 4.614508152008057, 4.802740573883057, 4.6936376094818115, 4.682413101196289, 4.727555751800537, 4.575193881988525, 4.614628076553345, 4.848016977310181]
Mean Accuracy 92.92433333333334
Mean Time 4.674305438995361
Loading file :  cardio_train.csv
[58.4]
[6.155938386917114]
[58.4, 53.77]
[6.155938386917114, 6.059244394302368]
[58.4, 53.77, 61.94]
[6.155938386917114, 6.059244394302368, 6.0511393547058105]
[58.4, 53.77, 61.94, 60.32]
[6.155938386917114, 6.059244394302368, 6.0511393547058105, 6.247223138809204]
[58.4, 53.77, 61.94, 60.32, 59.2]
[6.155938386917114, 6.059244394302368, 6.0511393547058105, 6.247223138809204, 6.123555421829224]
[58.4, 53.77, 61.94, 60.32, 59.2, 61.74]
[6.155938386917114, 6.059244394302368, 6.0511393547058105, 6.247223138809204, 6.123555421829224, 6.202858924865723]
[58.4, 53.77, 61.94, 60.32, 59.2, 61.74, 60.97]
[6.155938386917114, 6.059244394302368, 6.0511393547058105, 6.247223138809204, 6.123555421829224, 6.202858924865723, 6.353686571121216]
[58.4, 53.77, 61.94, 60.32, 59.2, 61.74, 60.97, 60.18]
[6.155938386917114, 6.059244394302368, 6.0511393547058105, 6.247223138809204, 6.123555421829224, 6.202858924865723, 6.353686571121216, 6.1649065017700195]
[58.4, 53.77, 61.94, 60.32, 59.2, 61.74, 60.97, 60.18, 58.84]
[6.155938386917114, 6.059244394302368, 6.0511393547058105, 6.247223138809204, 6.123555421829224, 6.202858924865723, 6.353686571121216, 6.1649065017700195, 6.279537916183472]
[58.4, 53.77, 61.94, 60.32, 59.2, 61.74, 60.97, 60.18, 58.84, 58.49]
[6.155938386917114, 6.059244394302368, 6.0511393547058105, 6.247223138809204, 6.123555421829224, 6.202858924865723, 6.353686571121216, 6.1649065017700195, 6.279537916183472, 5.935803413391113]
[58.4, 53.77, 61.94, 60.32, 59.2, 61.74, 60.97, 60.18, 58.84, 58.49, 58.01]
[6.155938386917114, 6.059244394302368, 6.0511393547058105, 6.247223138809204, 6.123555421829224, 6.202858924865723, 6.353686571121216, 6.1649065017700195, 6.279537916183472, 5.935803413391113, 6.060584545135498]
[58.4, 53.77, 61.94, 60.32, 59.2, 61.74, 60.97, 60.18, 58.84, 58.49, 58.01, 57.87]
[6.155938386917114, 6.059244394302368, 6.0511393547058105, 6.247223138809204, 6.123555421829224, 6.202858924865723, 6.353686571121216, 6.1649065017700195, 6.279537916183472, 5.935803413391113, 6.060584545135498, 6.064810037612915]
[58.4, 53.77, 61.94, 60.32, 59.2, 61.74, 60.97, 60.18, 58.84, 58.49, 58.01, 57.87, 54.74]
[6.155938386917114, 6.059244394302368, 6.0511393547058105, 6.247223138809204, 6.123555421829224, 6.202858924865723, 6.353686571121216, 6.1649065017700195, 6.279537916183472, 5.935803413391113, 6.060584545135498, 6.064810037612915, 6.005896091461182]
[58.4, 53.77, 61.94, 60.32, 59.2, 61.74, 60.97, 60.18, 58.84, 58.49, 58.01, 57.87, 54.74, 60.62]
[6.155938386917114, 6.059244394302368, 6.0511393547058105, 6.247223138809204, 6.123555421829224, 6.202858924865723, 6.353686571121216, 6.1649065017700195, 6.279537916183472, 5.935803413391113, 6.060584545135498, 6.064810037612915, 6.005896091461182, 6.111421346664429]
[58.4, 53.77, 61.94, 60.32, 59.2, 61.74, 60.97, 60.18, 58.84, 58.49, 58.01, 57.87, 54.74, 60.62, 56.62]
[6.155938386917114, 6.059244394302368, 6.0511393547058105, 6.247223138809204, 6.123555421829224, 6.202858924865723, 6.353686571121216, 6.1649065017700195, 6.279537916183472, 5.935803413391113, 6.060584545135498, 6.064810037612915, 6.005896091461182, 6.111421346664429, 6.232614278793335]
[58.4, 53.77, 61.94, 60.32, 59.2, 61.74, 60.97, 60.18, 58.84, 58.49, 58.01, 57.87, 54.74, 60.62, 56.62, 53.35]
[6.155938386917114, 6.059244394302368, 6.0511393547058105, 6.247223138809204, 6.123555421829224, 6.202858924865723, 6.353686571121216, 6.1649065017700195, 6.279537916183472, 5.935803413391113, 6.060584545135498, 6.064810037612915, 6.005896091461182, 6.111421346664429, 6.232614278793335, 6.1365439891815186]
[58.4, 53.77, 61.94, 60.32, 59.2, 61.74, 60.97, 60.18, 58.84, 58.49, 58.01, 57.87, 54.74, 60.62, 56.62, 53.35, 59.5]
[6.155938386917114, 6.059244394302368, 6.0511393547058105, 6.247223138809204, 6.123555421829224, 6.202858924865723, 6.353686571121216, 6.1649065017700195, 6.279537916183472, 5.935803413391113, 6.060584545135498, 6.064810037612915, 6.005896091461182, 6.111421346664429, 6.232614278793335, 6.1365439891815186, 5.962471008300781]
[58.4, 53.77, 61.94, 60.32, 59.2, 61.74, 60.97, 60.18, 58.84, 58.49, 58.01, 57.87, 54.74, 60.62, 56.62, 53.35, 59.5, 50.95]
[6.155938386917114, 6.059244394302368, 6.0511393547058105, 6.247223138809204, 6.123555421829224, 6.202858924865723, 6.353686571121216, 6.1649065017700195, 6.279537916183472, 5.935803413391113, 6.060584545135498, 6.064810037612915, 6.005896091461182, 6.111421346664429, 6.232614278793335, 6.1365439891815186, 5.962471008300781, 6.088616847991943]
[58.4, 53.77, 61.94, 60.32, 59.2, 61.74, 60.97, 60.18, 58.84, 58.49, 58.01, 57.87, 54.74, 60.62, 56.62, 53.35, 59.5, 50.95, 60.8]
[6.155938386917114, 6.059244394302368, 6.0511393547058105, 6.247223138809204, 6.123555421829224, 6.202858924865723, 6.353686571121216, 6.1649065017700195, 6.279537916183472, 5.935803413391113, 6.060584545135498, 6.064810037612915, 6.005896091461182, 6.111421346664429, 6.232614278793335, 6.1365439891815186, 5.962471008300781, 6.088616847991943, 6.105993986129761]
[58.4, 53.77, 61.94, 60.32, 59.2, 61.74, 60.97, 60.18, 58.84, 58.49, 58.01, 57.87, 54.74, 60.62, 56.62, 53.35, 59.5, 50.95, 60.8, 60.77]
[6.155938386917114, 6.059244394302368, 6.0511393547058105, 6.247223138809204, 6.123555421829224, 6.202858924865723, 6.353686571121216, 6.1649065017700195, 6.279537916183472, 5.935803413391113, 6.060584545135498, 6.064810037612915, 6.005896091461182, 6.111421346664429, 6.232614278793335, 6.1365439891815186, 5.962471008300781, 6.088616847991943, 6.105993986129761, 5.777911901473999]
[58.4, 53.77, 61.94, 60.32, 59.2, 61.74, 60.97, 60.18, 58.84, 58.49, 58.01, 57.87, 54.74, 60.62, 56.62, 53.35, 59.5, 50.95, 60.8, 60.77, 53.28]
[6.155938386917114, 6.059244394302368, 6.0511393547058105, 6.247223138809204, 6.123555421829224, 6.202858924865723, 6.353686571121216, 6.1649065017700195, 6.279537916183472, 5.935803413391113, 6.060584545135498, 6.064810037612915, 6.005896091461182, 6.111421346664429, 6.232614278793335, 6.1365439891815186, 5.962471008300781, 6.088616847991943, 6.105993986129761, 5.777911901473999, 5.597769737243652]
[58.4, 53.77, 61.94, 60.32, 59.2, 61.74, 60.97, 60.18, 58.84, 58.49, 58.01, 57.87, 54.74, 60.62, 56.62, 53.35, 59.5, 50.95, 60.8, 60.77, 53.28, 57.67]
[6.155938386917114, 6.059244394302368, 6.0511393547058105, 6.247223138809204, 6.123555421829224, 6.202858924865723, 6.353686571121216, 6.1649065017700195, 6.279537916183472, 5.935803413391113, 6.060584545135498, 6.064810037612915, 6.005896091461182, 6.111421346664429, 6.232614278793335, 6.1365439891815186, 5.962471008300781, 6.088616847991943, 6.105993986129761, 5.777911901473999, 5.597769737243652, 5.7991111278533936]
[58.4, 53.77, 61.94, 60.32, 59.2, 61.74, 60.97, 60.18, 58.84, 58.49, 58.01, 57.87, 54.74, 60.62, 56.62, 53.35, 59.5, 50.95, 60.8, 60.77, 53.28, 57.67, 57.53]
[6.155938386917114, 6.059244394302368, 6.0511393547058105, 6.247223138809204, 6.123555421829224, 6.202858924865723, 6.353686571121216, 6.1649065017700195, 6.279537916183472, 5.935803413391113, 6.060584545135498, 6.064810037612915, 6.005896091461182, 6.111421346664429, 6.232614278793335, 6.1365439891815186, 5.962471008300781, 6.088616847991943, 6.105993986129761, 5.777911901473999, 5.597769737243652, 5.7991111278533936, 6.044404745101929]
[58.4, 53.77, 61.94, 60.32, 59.2, 61.74, 60.97, 60.18, 58.84, 58.49, 58.01, 57.87, 54.74, 60.62, 56.62, 53.35, 59.5, 50.95, 60.8, 60.77, 53.28, 57.67, 57.53, 60.7]
[6.155938386917114, 6.059244394302368, 6.0511393547058105, 6.247223138809204, 6.123555421829224, 6.202858924865723, 6.353686571121216, 6.1649065017700195, 6.279537916183472, 5.935803413391113, 6.060584545135498, 6.064810037612915, 6.005896091461182, 6.111421346664429, 6.232614278793335, 6.1365439891815186, 5.962471008300781, 6.088616847991943, 6.105993986129761, 5.777911901473999, 5.597769737243652, 5.7991111278533936, 6.044404745101929, 6.162228345870972]
[58.4, 53.77, 61.94, 60.32, 59.2, 61.74, 60.97, 60.18, 58.84, 58.49, 58.01, 57.87, 54.74, 60.62, 56.62, 53.35, 59.5, 50.95, 60.8, 60.77, 53.28, 57.67, 57.53, 60.7, 60.12]
[6.155938386917114, 6.059244394302368, 6.0511393547058105, 6.247223138809204, 6.123555421829224, 6.202858924865723, 6.353686571121216, 6.1649065017700195, 6.279537916183472, 5.935803413391113, 6.060584545135498, 6.064810037612915, 6.005896091461182, 6.111421346664429, 6.232614278793335, 6.1365439891815186, 5.962471008300781, 6.088616847991943, 6.105993986129761, 5.777911901473999, 5.597769737243652, 5.7991111278533936, 6.044404745101929, 6.162228345870972, 6.229400873184204]
[58.4, 53.77, 61.94, 60.32, 59.2, 61.74, 60.97, 60.18, 58.84, 58.49, 58.01, 57.87, 54.74, 60.62, 56.62, 53.35, 59.5, 50.95, 60.8, 60.77, 53.28, 57.67, 57.53, 60.7, 60.12, 58.02]
[6.155938386917114, 6.059244394302368, 6.0511393547058105, 6.247223138809204, 6.123555421829224, 6.202858924865723, 6.353686571121216, 6.1649065017700195, 6.279537916183472, 5.935803413391113, 6.060584545135498, 6.064810037612915, 6.005896091461182, 6.111421346664429, 6.232614278793335, 6.1365439891815186, 5.962471008300781, 6.088616847991943, 6.105993986129761, 5.777911901473999, 5.597769737243652, 5.7991111278533936, 6.044404745101929, 6.162228345870972, 6.229400873184204, 5.832207441329956]
[58.4, 53.77, 61.94, 60.32, 59.2, 61.74, 60.97, 60.18, 58.84, 58.49, 58.01, 57.87, 54.74, 60.62, 56.62, 53.35, 59.5, 50.95, 60.8, 60.77, 53.28, 57.67, 57.53, 60.7, 60.12, 58.02, 60.98]
[6.155938386917114, 6.059244394302368, 6.0511393547058105, 6.247223138809204, 6.123555421829224, 6.202858924865723, 6.353686571121216, 6.1649065017700195, 6.279537916183472, 5.935803413391113, 6.060584545135498, 6.064810037612915, 6.005896091461182, 6.111421346664429, 6.232614278793335, 6.1365439891815186, 5.962471008300781, 6.088616847991943, 6.105993986129761, 5.777911901473999, 5.597769737243652, 5.7991111278533936, 6.044404745101929, 6.162228345870972, 6.229400873184204, 5.832207441329956, 5.727510929107666]
[58.4, 53.77, 61.94, 60.32, 59.2, 61.74, 60.97, 60.18, 58.84, 58.49, 58.01, 57.87, 54.74, 60.62, 56.62, 53.35, 59.5, 50.95, 60.8, 60.77, 53.28, 57.67, 57.53, 60.7, 60.12, 58.02, 60.98, 59.25]
[6.155938386917114, 6.059244394302368, 6.0511393547058105, 6.247223138809204, 6.123555421829224, 6.202858924865723, 6.353686571121216, 6.1649065017700195, 6.279537916183472, 5.935803413391113, 6.060584545135498, 6.064810037612915, 6.005896091461182, 6.111421346664429, 6.232614278793335, 6.1365439891815186, 5.962471008300781, 6.088616847991943, 6.105993986129761, 5.777911901473999, 5.597769737243652, 5.7991111278533936, 6.044404745101929, 6.162228345870972, 6.229400873184204, 5.832207441329956, 5.727510929107666, 5.529100656509399]
[58.4, 53.77, 61.94, 60.32, 59.2, 61.74, 60.97, 60.18, 58.84, 58.49, 58.01, 57.87, 54.74, 60.62, 56.62, 53.35, 59.5, 50.95, 60.8, 60.77, 53.28, 57.67, 57.53, 60.7, 60.12, 58.02, 60.98, 59.25, 60.38]
[6.155938386917114, 6.059244394302368, 6.0511393547058105, 6.247223138809204, 6.123555421829224, 6.202858924865723, 6.353686571121216, 6.1649065017700195, 6.279537916183472, 5.935803413391113, 6.060584545135498, 6.064810037612915, 6.005896091461182, 6.111421346664429, 6.232614278793335, 6.1365439891815186, 5.962471008300781, 6.088616847991943, 6.105993986129761, 5.777911901473999, 5.597769737243652, 5.7991111278533936, 6.044404745101929, 6.162228345870972, 6.229400873184204, 5.832207441329956, 5.727510929107666, 5.529100656509399, 6.099960088729858]
[58.4, 53.77, 61.94, 60.32, 59.2, 61.74, 60.97, 60.18, 58.84, 58.49, 58.01, 57.87, 54.74, 60.62, 56.62, 53.35, 59.5, 50.95, 60.8, 60.77, 53.28, 57.67, 57.53, 60.7, 60.12, 58.02, 60.98, 59.25, 60.38, 60.11]
[6.155938386917114, 6.059244394302368, 6.0511393547058105, 6.247223138809204, 6.123555421829224, 6.202858924865723, 6.353686571121216, 6.1649065017700195, 6.279537916183472, 5.935803413391113, 6.060584545135498, 6.064810037612915, 6.005896091461182, 6.111421346664429, 6.232614278793335, 6.1365439891815186, 5.962471008300781, 6.088616847991943, 6.105993986129761, 5.777911901473999, 5.597769737243652, 5.7991111278533936, 6.044404745101929, 6.162228345870972, 6.229400873184204, 5.832207441329956, 5.727510929107666, 5.529100656509399, 6.099960088729858, 6.005053997039795]
Mean Accuracy 58.504
Mean Time 6.038250199953715
Loading file :  diabetes.csv
[66.56]
[4.721583843231201]
[66.56, 66.56]
[4.721583843231201, 4.671948194503784]
[66.56, 66.56, 69.48]
[4.721583843231201, 4.671948194503784, 4.446429252624512]
[66.56, 66.56, 69.48, 66.56]
[4.721583843231201, 4.671948194503784, 4.446429252624512, 4.5967841148376465]
[66.56, 66.56, 69.48, 66.56, 75.0]
[4.721583843231201, 4.671948194503784, 4.446429252624512, 4.5967841148376465, 4.642320156097412]
[66.56, 66.56, 69.48, 66.56, 75.0, 68.51]
[4.721583843231201, 4.671948194503784, 4.446429252624512, 4.5967841148376465, 4.642320156097412, 4.644188642501831]
[66.56, 66.56, 69.48, 66.56, 75.0, 68.51, 67.21]
[4.721583843231201, 4.671948194503784, 4.446429252624512, 4.5967841148376465, 4.642320156097412, 4.644188642501831, 4.69500732421875]
[66.56, 66.56, 69.48, 66.56, 75.0, 68.51, 67.21, 74.68]
[4.721583843231201, 4.671948194503784, 4.446429252624512, 4.5967841148376465, 4.642320156097412, 4.644188642501831, 4.69500732421875, 4.681187391281128]
[66.56, 66.56, 69.48, 66.56, 75.0, 68.51, 67.21, 74.68, 68.83]
[4.721583843231201, 4.671948194503784, 4.446429252624512, 4.5967841148376465, 4.642320156097412, 4.644188642501831, 4.69500732421875, 4.681187391281128, 4.517538547515869]
[66.56, 66.56, 69.48, 66.56, 75.0, 68.51, 67.21, 74.68, 68.83, 74.68]
[4.721583843231201, 4.671948194503784, 4.446429252624512, 4.5967841148376465, 4.642320156097412, 4.644188642501831, 4.69500732421875, 4.681187391281128, 4.517538547515869, 4.74336576461792]
[66.56, 66.56, 69.48, 66.56, 75.0, 68.51, 67.21, 74.68, 68.83, 74.68, 73.05]
[4.721583843231201, 4.671948194503784, 4.446429252624512, 4.5967841148376465, 4.642320156097412, 4.644188642501831, 4.69500732421875, 4.681187391281128, 4.517538547515869, 4.74336576461792, 4.596064567565918]
[66.56, 66.56, 69.48, 66.56, 75.0, 68.51, 67.21, 74.68, 68.83, 74.68, 73.05, 76.62]
[4.721583843231201, 4.671948194503784, 4.446429252624512, 4.5967841148376465, 4.642320156097412, 4.644188642501831, 4.69500732421875, 4.681187391281128, 4.517538547515869, 4.74336576461792, 4.596064567565918, 4.597157716751099]
[66.56, 66.56, 69.48, 66.56, 75.0, 68.51, 67.21, 74.68, 68.83, 74.68, 73.05, 76.62, 68.83]
[4.721583843231201, 4.671948194503784, 4.446429252624512, 4.5967841148376465, 4.642320156097412, 4.644188642501831, 4.69500732421875, 4.681187391281128, 4.517538547515869, 4.74336576461792, 4.596064567565918, 4.597157716751099, 4.604729890823364]
[66.56, 66.56, 69.48, 66.56, 75.0, 68.51, 67.21, 74.68, 68.83, 74.68, 73.05, 76.62, 68.83, 70.78]
[4.721583843231201, 4.671948194503784, 4.446429252624512, 4.5967841148376465, 4.642320156097412, 4.644188642501831, 4.69500732421875, 4.681187391281128, 4.517538547515869, 4.74336576461792, 4.596064567565918, 4.597157716751099, 4.604729890823364, 4.533757925033569]
[66.56, 66.56, 69.48, 66.56, 75.0, 68.51, 67.21, 74.68, 68.83, 74.68, 73.05, 76.62, 68.83, 70.78, 67.21]
[4.721583843231201, 4.671948194503784, 4.446429252624512, 4.5967841148376465, 4.642320156097412, 4.644188642501831, 4.69500732421875, 4.681187391281128, 4.517538547515869, 4.74336576461792, 4.596064567565918, 4.597157716751099, 4.604729890823364, 4.533757925033569, 4.35807204246521]
[66.56, 66.56, 69.48, 66.56, 75.0, 68.51, 67.21, 74.68, 68.83, 74.68, 73.05, 76.62, 68.83, 70.78, 67.21, 68.18]
[4.721583843231201, 4.671948194503784, 4.446429252624512, 4.5967841148376465, 4.642320156097412, 4.644188642501831, 4.69500732421875, 4.681187391281128, 4.517538547515869, 4.74336576461792, 4.596064567565918, 4.597157716751099, 4.604729890823364, 4.533757925033569, 4.35807204246521, 4.719326496124268]
[66.56, 66.56, 69.48, 66.56, 75.0, 68.51, 67.21, 74.68, 68.83, 74.68, 73.05, 76.62, 68.83, 70.78, 67.21, 68.18, 73.38]
[4.721583843231201, 4.671948194503784, 4.446429252624512, 4.5967841148376465, 4.642320156097412, 4.644188642501831, 4.69500732421875, 4.681187391281128, 4.517538547515869, 4.74336576461792, 4.596064567565918, 4.597157716751099, 4.604729890823364, 4.533757925033569, 4.35807204246521, 4.719326496124268, 4.764559030532837]
[66.56, 66.56, 69.48, 66.56, 75.0, 68.51, 67.21, 74.68, 68.83, 74.68, 73.05, 76.62, 68.83, 70.78, 67.21, 68.18, 73.38, 67.21]
[4.721583843231201, 4.671948194503784, 4.446429252624512, 4.5967841148376465, 4.642320156097412, 4.644188642501831, 4.69500732421875, 4.681187391281128, 4.517538547515869, 4.74336576461792, 4.596064567565918, 4.597157716751099, 4.604729890823364, 4.533757925033569, 4.35807204246521, 4.719326496124268, 4.764559030532837, 4.658722162246704]
[66.56, 66.56, 69.48, 66.56, 75.0, 68.51, 67.21, 74.68, 68.83, 74.68, 73.05, 76.62, 68.83, 70.78, 67.21, 68.18, 73.38, 67.21, 74.35]
[4.721583843231201, 4.671948194503784, 4.446429252624512, 4.5967841148376465, 4.642320156097412, 4.644188642501831, 4.69500732421875, 4.681187391281128, 4.517538547515869, 4.74336576461792, 4.596064567565918, 4.597157716751099, 4.604729890823364, 4.533757925033569, 4.35807204246521, 4.719326496124268, 4.764559030532837, 4.658722162246704, 4.637288808822632]
[66.56, 66.56, 69.48, 66.56, 75.0, 68.51, 67.21, 74.68, 68.83, 74.68, 73.05, 76.62, 68.83, 70.78, 67.21, 68.18, 73.38, 67.21, 74.35, 74.35]
[4.721583843231201, 4.671948194503784, 4.446429252624512, 4.5967841148376465, 4.642320156097412, 4.644188642501831, 4.69500732421875, 4.681187391281128, 4.517538547515869, 4.74336576461792, 4.596064567565918, 4.597157716751099, 4.604729890823364, 4.533757925033569, 4.35807204246521, 4.719326496124268, 4.764559030532837, 4.658722162246704, 4.637288808822632, 4.5785980224609375]
[66.56, 66.56, 69.48, 66.56, 75.0, 68.51, 67.21, 74.68, 68.83, 74.68, 73.05, 76.62, 68.83, 70.78, 67.21, 68.18, 73.38, 67.21, 74.35, 74.35, 68.18]
[4.721583843231201, 4.671948194503784, 4.446429252624512, 4.5967841148376465, 4.642320156097412, 4.644188642501831, 4.69500732421875, 4.681187391281128, 4.517538547515869, 4.74336576461792, 4.596064567565918, 4.597157716751099, 4.604729890823364, 4.533757925033569, 4.35807204246521, 4.719326496124268, 4.764559030532837, 4.658722162246704, 4.637288808822632, 4.5785980224609375, 4.380954265594482]
[66.56, 66.56, 69.48, 66.56, 75.0, 68.51, 67.21, 74.68, 68.83, 74.68, 73.05, 76.62, 68.83, 70.78, 67.21, 68.18, 73.38, 67.21, 74.35, 74.35, 68.18, 73.7]
[4.721583843231201, 4.671948194503784, 4.446429252624512, 4.5967841148376465, 4.642320156097412, 4.644188642501831, 4.69500732421875, 4.681187391281128, 4.517538547515869, 4.74336576461792, 4.596064567565918, 4.597157716751099, 4.604729890823364, 4.533757925033569, 4.35807204246521, 4.719326496124268, 4.764559030532837, 4.658722162246704, 4.637288808822632, 4.5785980224609375, 4.380954265594482, 4.565779685974121]
[66.56, 66.56, 69.48, 66.56, 75.0, 68.51, 67.21, 74.68, 68.83, 74.68, 73.05, 76.62, 68.83, 70.78, 67.21, 68.18, 73.38, 67.21, 74.35, 74.35, 68.18, 73.7, 67.53]
[4.721583843231201, 4.671948194503784, 4.446429252624512, 4.5967841148376465, 4.642320156097412, 4.644188642501831, 4.69500732421875, 4.681187391281128, 4.517538547515869, 4.74336576461792, 4.596064567565918, 4.597157716751099, 4.604729890823364, 4.533757925033569, 4.35807204246521, 4.719326496124268, 4.764559030532837, 4.658722162246704, 4.637288808822632, 4.5785980224609375, 4.380954265594482, 4.565779685974121, 4.450328588485718]
[66.56, 66.56, 69.48, 66.56, 75.0, 68.51, 67.21, 74.68, 68.83, 74.68, 73.05, 76.62, 68.83, 70.78, 67.21, 68.18, 73.38, 67.21, 74.35, 74.35, 68.18, 73.7, 67.53, 73.38]
[4.721583843231201, 4.671948194503784, 4.446429252624512, 4.5967841148376465, 4.642320156097412, 4.644188642501831, 4.69500732421875, 4.681187391281128, 4.517538547515869, 4.74336576461792, 4.596064567565918, 4.597157716751099, 4.604729890823364, 4.533757925033569, 4.35807204246521, 4.719326496124268, 4.764559030532837, 4.658722162246704, 4.637288808822632, 4.5785980224609375, 4.380954265594482, 4.565779685974121, 4.450328588485718, 4.5264856815338135]
[66.56, 66.56, 69.48, 66.56, 75.0, 68.51, 67.21, 74.68, 68.83, 74.68, 73.05, 76.62, 68.83, 70.78, 67.21, 68.18, 73.38, 67.21, 74.35, 74.35, 68.18, 73.7, 67.53, 73.38, 66.56]
[4.721583843231201, 4.671948194503784, 4.446429252624512, 4.5967841148376465, 4.642320156097412, 4.644188642501831, 4.69500732421875, 4.681187391281128, 4.517538547515869, 4.74336576461792, 4.596064567565918, 4.597157716751099, 4.604729890823364, 4.533757925033569, 4.35807204246521, 4.719326496124268, 4.764559030532837, 4.658722162246704, 4.637288808822632, 4.5785980224609375, 4.380954265594482, 4.565779685974121, 4.450328588485718, 4.5264856815338135, 4.425569534301758]
[66.56, 66.56, 69.48, 66.56, 75.0, 68.51, 67.21, 74.68, 68.83, 74.68, 73.05, 76.62, 68.83, 70.78, 67.21, 68.18, 73.38, 67.21, 74.35, 74.35, 68.18, 73.7, 67.53, 73.38, 66.56, 73.05]
[4.721583843231201, 4.671948194503784, 4.446429252624512, 4.5967841148376465, 4.642320156097412, 4.644188642501831, 4.69500732421875, 4.681187391281128, 4.517538547515869, 4.74336576461792, 4.596064567565918, 4.597157716751099, 4.604729890823364, 4.533757925033569, 4.35807204246521, 4.719326496124268, 4.764559030532837, 4.658722162246704, 4.637288808822632, 4.5785980224609375, 4.380954265594482, 4.565779685974121, 4.450328588485718, 4.5264856815338135, 4.425569534301758, 4.629153251647949]
[66.56, 66.56, 69.48, 66.56, 75.0, 68.51, 67.21, 74.68, 68.83, 74.68, 73.05, 76.62, 68.83, 70.78, 67.21, 68.18, 73.38, 67.21, 74.35, 74.35, 68.18, 73.7, 67.53, 73.38, 66.56, 73.05, 73.38]
[4.721583843231201, 4.671948194503784, 4.446429252624512, 4.5967841148376465, 4.642320156097412, 4.644188642501831, 4.69500732421875, 4.681187391281128, 4.517538547515869, 4.74336576461792, 4.596064567565918, 4.597157716751099, 4.604729890823364, 4.533757925033569, 4.35807204246521, 4.719326496124268, 4.764559030532837, 4.658722162246704, 4.637288808822632, 4.5785980224609375, 4.380954265594482, 4.565779685974121, 4.450328588485718, 4.5264856815338135, 4.425569534301758, 4.629153251647949, 4.760233640670776]
[66.56, 66.56, 69.48, 66.56, 75.0, 68.51, 67.21, 74.68, 68.83, 74.68, 73.05, 76.62, 68.83, 70.78, 67.21, 68.18, 73.38, 67.21, 74.35, 74.35, 68.18, 73.7, 67.53, 73.38, 66.56, 73.05, 73.38, 72.4]
[4.721583843231201, 4.671948194503784, 4.446429252624512, 4.5967841148376465, 4.642320156097412, 4.644188642501831, 4.69500732421875, 4.681187391281128, 4.517538547515869, 4.74336576461792, 4.596064567565918, 4.597157716751099, 4.604729890823364, 4.533757925033569, 4.35807204246521, 4.719326496124268, 4.764559030532837, 4.658722162246704, 4.637288808822632, 4.5785980224609375, 4.380954265594482, 4.565779685974121, 4.450328588485718, 4.5264856815338135, 4.425569534301758, 4.629153251647949, 4.760233640670776, 4.596908330917358]
[66.56, 66.56, 69.48, 66.56, 75.0, 68.51, 67.21, 74.68, 68.83, 74.68, 73.05, 76.62, 68.83, 70.78, 67.21, 68.18, 73.38, 67.21, 74.35, 74.35, 68.18, 73.7, 67.53, 73.38, 66.56, 73.05, 73.38, 72.4, 66.56]
[4.721583843231201, 4.671948194503784, 4.446429252624512, 4.5967841148376465, 4.642320156097412, 4.644188642501831, 4.69500732421875, 4.681187391281128, 4.517538547515869, 4.74336576461792, 4.596064567565918, 4.597157716751099, 4.604729890823364, 4.533757925033569, 4.35807204246521, 4.719326496124268, 4.764559030532837, 4.658722162246704, 4.637288808822632, 4.5785980224609375, 4.380954265594482, 4.565779685974121, 4.450328588485718, 4.5264856815338135, 4.425569534301758, 4.629153251647949, 4.760233640670776, 4.596908330917358, 4.619852066040039]
[66.56, 66.56, 69.48, 66.56, 75.0, 68.51, 67.21, 74.68, 68.83, 74.68, 73.05, 76.62, 68.83, 70.78, 67.21, 68.18, 73.38, 67.21, 74.35, 74.35, 68.18, 73.7, 67.53, 73.38, 66.56, 73.05, 73.38, 72.4, 66.56, 68.51]
[4.721583843231201, 4.671948194503784, 4.446429252624512, 4.5967841148376465, 4.642320156097412, 4.644188642501831, 4.69500732421875, 4.681187391281128, 4.517538547515869, 4.74336576461792, 4.596064567565918, 4.597157716751099, 4.604729890823364, 4.533757925033569, 4.35807204246521, 4.719326496124268, 4.764559030532837, 4.658722162246704, 4.637288808822632, 4.5785980224609375, 4.380954265594482, 4.565779685974121, 4.450328588485718, 4.5264856815338135, 4.425569534301758, 4.629153251647949, 4.760233640670776, 4.596908330917358, 4.619852066040039, 4.543343782424927]
Mean Accuracy 70.50933333333333
Mean Time 4.596907957394918
Loading file :  Liver_disorder.csv
